-----------------------------------------------------------------------------------------------------------------------------------------------------------
Instancia      n    m    S   E                  Camino         Coste  Número de nodos generados   Número de nodos inspeccionados
-----------------------------------------------------------------------------------------------------------------------------------------------------------
    M_1    11   10  (4, 0)  (5, 9)  1 4 6 10 12 16 20 22 25 30   47        33                          23
■ ■ ■ ■ ■ ■ ■ ■ ■ ■ 
■     ■           ■ 
■     ■           ■ 
■     ■     ■     ■ 
S     ■ ■ ■ ■     ■ 
■ * * * * * * * * E 
■                 ■ 
■     ■ ■ ■ ■     ■ 
■     ■           ■ 
■     ■           ■ 
■ ■ ■ ■ ■ ■ ■ ■ ■ ■ 
Iteración 1
Nodos generados: 1
Nodos inspeccionados: -
---------------------------------------------
Iteración 2
Nodos generados: 1, 2, 3, 4
Nodos inspeccionados: 1
---------------------------------------------
Iteración 3
Nodos generados: 1, 2, 3, 4, 5, 6, 7, 8
Nodos inspeccionados: 1, 4
---------------------------------------------
Iteración 4
Nodos generados: 1, 2, 3, 4, 5, 6, 7, 8, 9
Nodos inspeccionados: 1, 4, 2
---------------------------------------------
Iteración 5
Nodos generados: 1, 2, 3, 4, 5, 6, 7, 8, 9, 10, 11
Nodos inspeccionados: 1, 4, 2, 6
---------------------------------------------
Iteración 6
Nodos generados: 1, 2, 3, 4, 5, 6, 7, 8, 9, 10, 11
Nodos inspeccionados: 1, 4, 2, 6, 7
---------------------------------------------
Iteración 7
Nodos generados: 1, 2, 3, 4, 5, 6, 7, 8, 9, 10, 11, 12, 13
Nodos inspeccionados: 1, 4, 2, 6, 7, 10
---------------------------------------------
Iteración 8
Nodos generados: 1, 2, 3, 4, 5, 6, 7, 8, 9, 10, 11, 12, 13, 14, 15
Nodos inspeccionados: 1, 4, 2, 6, 7, 10, 3
---------------------------------------------
Iteración 9
Nodos generados: 1, 2, 3, 4, 5, 6, 7, 8, 9, 10, 11, 12, 13, 14, 15, 16, 17
Nodos inspeccionados: 1, 4, 2, 6, 7, 10, 3, 12
---------------------------------------------
Iteración 10
Nodos generados: 1, 2, 3, 4, 5, 6, 7, 8, 9, 10, 11, 12, 13, 14, 15, 16, 17, 18, 19
Nodos inspeccionados: 1, 4, 2, 6, 7, 10, 3, 12, 8
---------------------------------------------
Iteración 11
Nodos generados: 1, 2, 3, 4, 5, 6, 7, 8, 9, 10, 11, 12, 13, 14, 15, 16, 17, 18, 19
Nodos inspeccionados: 1, 4, 2, 6, 7, 10, 3, 12, 8, 5
---------------------------------------------
Iteración 12
Nodos generados: 1, 2, 3, 4, 5, 6, 7, 8, 9, 10, 11, 12, 13, 14, 15, 16, 17, 18, 19
Nodos inspeccionados: 1, 4, 2, 6, 7, 10, 3, 12, 8, 5, 9
---------------------------------------------
Iteración 13
Nodos generados: 1, 2, 3, 4, 5, 6, 7, 8, 9, 10, 11, 12, 13, 14, 15, 16, 17, 18, 19, 20, 21
Nodos inspeccionados: 1, 4, 2, 6, 7, 10, 3, 12, 8, 5, 9, 16
---------------------------------------------
Iteración 14
Nodos generados: 1, 2, 3, 4, 5, 6, 7, 8, 9, 10, 11, 12, 13, 14, 15, 16, 17, 18, 19, 20, 21
Nodos inspeccionados: 1, 4, 2, 6, 7, 10, 3, 12, 8, 5, 9, 16, 11
---------------------------------------------
Iteración 15
Nodos generados: 1, 2, 3, 4, 5, 6, 7, 8, 9, 10, 11, 12, 13, 14, 15, 16, 17, 18, 19, 20, 21, 22, 23, 24
Nodos inspeccionados: 1, 4, 2, 6, 7, 10, 3, 12, 8, 5, 9, 16, 11, 20
---------------------------------------------
Iteración 16
Nodos generados: 1, 2, 3, 4, 5, 6, 7, 8, 9, 10, 11, 12, 13, 14, 15, 16, 17, 18, 19, 20, 21, 22, 23, 24
Nodos inspeccionados: 1, 4, 2, 6, 7, 10, 3, 12, 8, 5, 9, 16, 11, 20, 13
---------------------------------------------
Iteración 17
Nodos generados: 1, 2, 3, 4, 5, 6, 7, 8, 9, 10, 11, 12, 13, 14, 15, 16, 17, 18, 19, 20, 21, 22, 23, 24, 25, 26, 27
Nodos inspeccionados: 1, 4, 2, 6, 7, 10, 3, 12, 8, 5, 9, 16, 11, 20, 13, 22
---------------------------------------------
Iteración 18
Nodos generados: 1, 2, 3, 4, 5, 6, 7, 8, 9, 10, 11, 12, 13, 14, 15, 16, 17, 18, 19, 20, 21, 22, 23, 24, 25, 26, 27, 28, 29
Nodos inspeccionados: 1, 4, 2, 6, 7, 10, 3, 12, 8, 5, 9, 16, 11, 20, 13, 22, 15
---------------------------------------------
Iteración 19
Nodos generados: 1, 2, 3, 4, 5, 6, 7, 8, 9, 10, 11, 12, 13, 14, 15, 16, 17, 18, 19, 20, 21, 22, 23, 24, 25, 26, 27, 28, 29
Nodos inspeccionados: 1, 4, 2, 6, 7, 10, 3, 12, 8, 5, 9, 16, 11, 20, 13, 22, 15, 17
---------------------------------------------
Iteración 20
Nodos generados: 1, 2, 3, 4, 5, 6, 7, 8, 9, 10, 11, 12, 13, 14, 15, 16, 17, 18, 19, 20, 21, 22, 23, 24, 25, 26, 27, 28, 29
Nodos inspeccionados: 1, 4, 2, 6, 7, 10, 3, 12, 8, 5, 9, 16, 11, 20, 13, 22, 15, 17, 14
---------------------------------------------
Iteración 21
Nodos generados: 1, 2, 3, 4, 5, 6, 7, 8, 9, 10, 11, 12, 13, 14, 15, 16, 17, 18, 19, 20, 21, 22, 23, 24, 25, 26, 27, 28, 29, 30
Nodos inspeccionados: 1, 4, 2, 6, 7, 10, 3, 12, 8, 5, 9, 16, 11, 20, 13, 22, 15, 17, 14, 25
---------------------------------------------
Iteración 22
Nodos generados: 1, 2, 3, 4, 5, 6, 7, 8, 9, 10, 11, 12, 13, 14, 15, 16, 17, 18, 19, 20, 21, 22, 23, 24, 25, 26, 27, 28, 29, 30, 31, 32
Nodos inspeccionados: 1, 4, 2, 6, 7, 10, 3, 12, 8, 5, 9, 16, 11, 20, 13, 22, 15, 17, 14, 25, 18
---------------------------------------------
Iteración 23
Nodos generados: 1, 2, 3, 4, 5, 6, 7, 8, 9, 10, 11, 12, 13, 14, 15, 16, 17, 18, 19, 20, 21, 22, 23, 24, 25, 26, 27, 28, 29, 30, 31, 32, 33
Nodos inspeccionados: 1, 4, 2, 6, 7, 10, 3, 12, 8, 5, 9, 16, 11, 20, 13, 22, 15, 17, 14, 25, 18, 21
---------------------------------------------
Iteración 24
Nodos generados: 1, 2, 3, 4, 5, 6, 7, 8, 9, 10, 11, 12, 13, 14, 15, 16, 17, 18, 19, 20, 21, 22, 23, 24, 25, 26, 27, 28, 29, 30, 31, 32, 33
Nodos inspeccionados: 1, 4, 2, 6, 7, 10, 3, 12, 8, 5, 9, 16, 11, 20, 13, 22, 15, 17, 14, 25, 18, 21, 19
---------------------------------------------

