-----------------------------------------------------------------------------------------------------------------------------------------------------------
Instancia      n    m    S   E                  Camino         Coste  Número de nodos generados   Número de nodos inspeccionados
-----------------------------------------------------------------------------------------------------------------------------------------------------------
    M_1    17   17  (4, 0)  (12, 16)  1 4 8 14 16 22 27 35 38 45 52 57 68 74 88 91 100 112   103        114                          92
■ ■ ■ ■ ■ ■ ■ ■ ■ ■ ■ ■ ■ ■ ■ ■ ■ 
■       ■                       ■ 
■       ■                       ■ 
■       ■                       ■ 
S       ■       ■       ■ ■ ■ ■ ■ 
■ *     ■       ■       ■       ■ 
■   *   ■       ■       ■       ■ 
■     * ■       ■       ■       ■ 
■     * ■ ■ ■ ■ ■       ■       ■ 
■       *               ■       ■ 
■         *             ■       ■ 
■           * * *       ■       ■ 
■       ■ ■ ■ ■ ■ * * * ■ * * * E 
■       ■               *       ■ 
■       ■                       ■ 
■       ■                       ■ 
■ ■ ■ ■ ■ ■ ■ ■ ■ ■ ■ ■ ■ ■ ■ ■ ■ 
Iteración 1
Nodos generados: 1
Nodos inspeccionados: -
---------------------------------------------
Iteración 2
Nodos generados: 1, 2, 3, 4
Nodos inspeccionados: 1
---------------------------------------------
Iteración 3
Nodos generados: 1, 2, 3, 4, 5, 6, 7, 8
Nodos inspeccionados: 1, 4
---------------------------------------------
Iteración 4
Nodos generados: 1, 2, 3, 4, 5, 6, 7, 8, 9
Nodos inspeccionados: 1, 4, 2
---------------------------------------------
Iteración 5
Nodos generados: 1, 2, 3, 4, 5, 6, 7, 8, 9, 10, 11, 12, 13, 14
Nodos inspeccionados: 1, 4, 2, 8
---------------------------------------------
Iteración 6
Nodos generados: 1, 2, 3, 4, 5, 6, 7, 8, 9, 10, 11, 12, 13, 14
Nodos inspeccionados: 1, 4, 2, 8, 5
---------------------------------------------
Iteración 7
Nodos generados: 1, 2, 3, 4, 5, 6, 7, 8, 9, 10, 11, 12, 13, 14, 15
Nodos inspeccionados: 1, 4, 2, 8, 5, 6
---------------------------------------------
Iteración 8
Nodos generados: 1, 2, 3, 4, 5, 6, 7, 8, 9, 10, 11, 12, 13, 14, 15, 16, 17
Nodos inspeccionados: 1, 4, 2, 8, 5, 6, 14
---------------------------------------------
Iteración 9
Nodos generados: 1, 2, 3, 4, 5, 6, 7, 8, 9, 10, 11, 12, 13, 14, 15, 16, 17, 18
Nodos inspeccionados: 1, 4, 2, 8, 5, 6, 14, 7
---------------------------------------------
Iteración 10
Nodos generados: 1, 2, 3, 4, 5, 6, 7, 8, 9, 10, 11, 12, 13, 14, 15, 16, 17, 18, 19
Nodos inspeccionados: 1, 4, 2, 8, 5, 6, 14, 7, 10
---------------------------------------------
Iteración 11
Nodos generados: 1, 2, 3, 4, 5, 6, 7, 8, 9, 10, 11, 12, 13, 14, 15, 16, 17, 18, 19
Nodos inspeccionados: 1, 4, 2, 8, 5, 6, 14, 7, 10, 11
---------------------------------------------
Iteración 12
Nodos generados: 1, 2, 3, 4, 5, 6, 7, 8, 9, 10, 11, 12, 13, 14, 15, 16, 17, 18, 19
Nodos inspeccionados: 1, 4, 2, 8, 5, 6, 14, 7, 10, 11, 13
---------------------------------------------
Iteración 13
Nodos generados: 1, 2, 3, 4, 5, 6, 7, 8, 9, 10, 11, 12, 13, 14, 15, 16, 17, 18, 19
Nodos inspeccionados: 1, 4, 2, 8, 5, 6, 14, 7, 10, 11, 13, 12
---------------------------------------------
Iteración 14
Nodos generados: 1, 2, 3, 4, 5, 6, 7, 8, 9, 10, 11, 12, 13, 14, 15, 16, 17, 18, 19, 20, 21, 22
Nodos inspeccionados: 1, 4, 2, 8, 5, 6, 14, 7, 10, 11, 13, 12, 16
---------------------------------------------
Iteración 15
Nodos generados: 1, 2, 3, 4, 5, 6, 7, 8, 9, 10, 11, 12, 13, 14, 15, 16, 17, 18, 19, 20, 21, 22
Nodos inspeccionados: 1, 4, 2, 8, 5, 6, 14, 7, 10, 11, 13, 12, 16, 15
---------------------------------------------
Iteración 16
Nodos generados: 1, 2, 3, 4, 5, 6, 7, 8, 9, 10, 11, 12, 13, 14, 15, 16, 17, 18, 19, 20, 21, 22, 23
Nodos inspeccionados: 1, 4, 2, 8, 5, 6, 14, 7, 10, 11, 13, 12, 16, 15, 17
---------------------------------------------
Iteración 17
Nodos generados: 1, 2, 3, 4, 5, 6, 7, 8, 9, 10, 11, 12, 13, 14, 15, 16, 17, 18, 19, 20, 21, 22, 23, 24, 25, 26, 27
Nodos inspeccionados: 1, 4, 2, 8, 5, 6, 14, 7, 10, 11, 13, 12, 16, 15, 17, 22
---------------------------------------------
Iteración 18
Nodos generados: 1, 2, 3, 4, 5, 6, 7, 8, 9, 10, 11, 12, 13, 14, 15, 16, 17, 18, 19, 20, 21, 22, 23, 24, 25, 26, 27, 28, 29
Nodos inspeccionados: 1, 4, 2, 8, 5, 6, 14, 7, 10, 11, 13, 12, 16, 15, 17, 22, 3
---------------------------------------------
Iteración 19
Nodos generados: 1, 2, 3, 4, 5, 6, 7, 8, 9, 10, 11, 12, 13, 14, 15, 16, 17, 18, 19, 20, 21, 22, 23, 24, 25, 26, 27, 28, 29
Nodos inspeccionados: 1, 4, 2, 8, 5, 6, 14, 7, 10, 11, 13, 12, 16, 15, 17, 22, 3, 19
---------------------------------------------
Iteración 20
Nodos generados: 1, 2, 3, 4, 5, 6, 7, 8, 9, 10, 11, 12, 13, 14, 15, 16, 17, 18, 19, 20, 21, 22, 23, 24, 25, 26, 27, 28, 29, 30
Nodos inspeccionados: 1, 4, 2, 8, 5, 6, 14, 7, 10, 11, 13, 12, 16, 15, 17, 22, 3, 19, 20
---------------------------------------------
Iteración 21
Nodos generados: 1, 2, 3, 4, 5, 6, 7, 8, 9, 10, 11, 12, 13, 14, 15, 16, 17, 18, 19, 20, 21, 22, 23, 24, 25, 26, 27, 28, 29, 30, 31, 32, 33, 34, 35
Nodos inspeccionados: 1, 4, 2, 8, 5, 6, 14, 7, 10, 11, 13, 12, 16, 15, 17, 22, 3, 19, 20, 27
---------------------------------------------
Iteración 22
Nodos generados: 1, 2, 3, 4, 5, 6, 7, 8, 9, 10, 11, 12, 13, 14, 15, 16, 17, 18, 19, 20, 21, 22, 23, 24, 25, 26, 27, 28, 29, 30, 31, 32, 33, 34, 35, 36
Nodos inspeccionados: 1, 4, 2, 8, 5, 6, 14, 7, 10, 11, 13, 12, 16, 15, 17, 22, 3, 19, 20, 27, 21
---------------------------------------------
Iteración 23
Nodos generados: 1, 2, 3, 4, 5, 6, 7, 8, 9, 10, 11, 12, 13, 14, 15, 16, 17, 18, 19, 20, 21, 22, 23, 24, 25, 26, 27, 28, 29, 30, 31, 32, 33, 34, 35, 36, 37
Nodos inspeccionados: 1, 4, 2, 8, 5, 6, 14, 7, 10, 11, 13, 12, 16, 15, 17, 22, 3, 19, 20, 27, 21, 24
---------------------------------------------
Iteración 24
Nodos generados: 1, 2, 3, 4, 5, 6, 7, 8, 9, 10, 11, 12, 13, 14, 15, 16, 17, 18, 19, 20, 21, 22, 23, 24, 25, 26, 27, 28, 29, 30, 31, 32, 33, 34, 35, 36, 37
Nodos inspeccionados: 1, 4, 2, 8, 5, 6, 14, 7, 10, 11, 13, 12, 16, 15, 17, 22, 3, 19, 20, 27, 21, 24, 25
---------------------------------------------
Iteración 25
Nodos generados: 1, 2, 3, 4, 5, 6, 7, 8, 9, 10, 11, 12, 13, 14, 15, 16, 17, 18, 19, 20, 21, 22, 23, 24, 25, 26, 27, 28, 29, 30, 31, 32, 33, 34, 35, 36, 37, 38, 39
Nodos inspeccionados: 1, 4, 2, 8, 5, 6, 14, 7, 10, 11, 13, 12, 16, 15, 17, 22, 3, 19, 20, 27, 21, 24, 25, 35
---------------------------------------------
Iteración 26
Nodos generados: 1, 2, 3, 4, 5, 6, 7, 8, 9, 10, 11, 12, 13, 14, 15, 16, 17, 18, 19, 20, 21, 22, 23, 24, 25, 26, 27, 28, 29, 30, 31, 32, 33, 34, 35, 36, 37, 38, 39, 40
Nodos inspeccionados: 1, 4, 2, 8, 5, 6, 14, 7, 10, 11, 13, 12, 16, 15, 17, 22, 3, 19, 20, 27, 21, 24, 25, 35, 9
---------------------------------------------
Iteración 27
Nodos generados: 1, 2, 3, 4, 5, 6, 7, 8, 9, 10, 11, 12, 13, 14, 15, 16, 17, 18, 19, 20, 21, 22, 23, 24, 25, 26, 27, 28, 29, 30, 31, 32, 33, 34, 35, 36, 37, 38, 39, 40
Nodos inspeccionados: 1, 4, 2, 8, 5, 6, 14, 7, 10, 11, 13, 12, 16, 15, 17, 22, 3, 19, 20, 27, 21, 24, 25, 35, 9, 23
---------------------------------------------
Iteración 28
Nodos generados: 1, 2, 3, 4, 5, 6, 7, 8, 9, 10, 11, 12, 13, 14, 15, 16, 17, 18, 19, 20, 21, 22, 23, 24, 25, 26, 27, 28, 29, 30, 31, 32, 33, 34, 35, 36, 37, 38, 39, 40, 41
Nodos inspeccionados: 1, 4, 2, 8, 5, 6, 14, 7, 10, 11, 13, 12, 16, 15, 17, 22, 3, 19, 20, 27, 21, 24, 25, 35, 9, 23, 26
---------------------------------------------
Iteración 29
Nodos generados: 1, 2, 3, 4, 5, 6, 7, 8, 9, 10, 11, 12, 13, 14, 15, 16, 17, 18, 19, 20, 21, 22, 23, 24, 25, 26, 27, 28, 29, 30, 31, 32, 33, 34, 35, 36, 37, 38, 39, 40, 41
Nodos inspeccionados: 1, 4, 2, 8, 5, 6, 14, 7, 10, 11, 13, 12, 16, 15, 17, 22, 3, 19, 20, 27, 21, 24, 25, 35, 9, 23, 26, 31
---------------------------------------------
Iteración 30
Nodos generados: 1, 2, 3, 4, 5, 6, 7, 8, 9, 10, 11, 12, 13, 14, 15, 16, 17, 18, 19, 20, 21, 22, 23, 24, 25, 26, 27, 28, 29, 30, 31, 32, 33, 34, 35, 36, 37, 38, 39, 40, 41, 42
Nodos inspeccionados: 1, 4, 2, 8, 5, 6, 14, 7, 10, 11, 13, 12, 16, 15, 17, 22, 3, 19, 20, 27, 21, 24, 25, 35, 9, 23, 26, 31, 32
---------------------------------------------
Iteración 31
Nodos generados: 1, 2, 3, 4, 5, 6, 7, 8, 9, 10, 11, 12, 13, 14, 15, 16, 17, 18, 19, 20, 21, 22, 23, 24, 25, 26, 27, 28, 29, 30, 31, 32, 33, 34, 35, 36, 37, 38, 39, 40, 41, 42, 43
Nodos inspeccionados: 1, 4, 2, 8, 5, 6, 14, 7, 10, 11, 13, 12, 16, 15, 17, 22, 3, 19, 20, 27, 21, 24, 25, 35, 9, 23, 26, 31, 32, 30
---------------------------------------------
Iteración 32
Nodos generados: 1, 2, 3, 4, 5, 6, 7, 8, 9, 10, 11, 12, 13, 14, 15, 16, 17, 18, 19, 20, 21, 22, 23, 24, 25, 26, 27, 28, 29, 30, 31, 32, 33, 34, 35, 36, 37, 38, 39, 40, 41, 42, 43, 44
Nodos inspeccionados: 1, 4, 2, 8, 5, 6, 14, 7, 10, 11, 13, 12, 16, 15, 17, 22, 3, 19, 20, 27, 21, 24, 25, 35, 9, 23, 26, 31, 32, 30, 34
---------------------------------------------
Iteración 33
Nodos generados: 1, 2, 3, 4, 5, 6, 7, 8, 9, 10, 11, 12, 13, 14, 15, 16, 17, 18, 19, 20, 21, 22, 23, 24, 25, 26, 27, 28, 29, 30, 31, 32, 33, 34, 35, 36, 37, 38, 39, 40, 41, 42, 43, 44
Nodos inspeccionados: 1, 4, 2, 8, 5, 6, 14, 7, 10, 11, 13, 12, 16, 15, 17, 22, 3, 19, 20, 27, 21, 24, 25, 35, 9, 23, 26, 31, 32, 30, 34, 33
---------------------------------------------
Iteración 34
Nodos generados: 1, 2, 3, 4, 5, 6, 7, 8, 9, 10, 11, 12, 13, 14, 15, 16, 17, 18, 19, 20, 21, 22, 23, 24, 25, 26, 27, 28, 29, 30, 31, 32, 33, 34, 35, 36, 37, 38, 39, 40, 41, 42, 43, 44, 45, 46
Nodos inspeccionados: 1, 4, 2, 8, 5, 6, 14, 7, 10, 11, 13, 12, 16, 15, 17, 22, 3, 19, 20, 27, 21, 24, 25, 35, 9, 23, 26, 31, 32, 30, 34, 33, 38
---------------------------------------------
Iteración 35
Nodos generados: 1, 2, 3, 4, 5, 6, 7, 8, 9, 10, 11, 12, 13, 14, 15, 16, 17, 18, 19, 20, 21, 22, 23, 24, 25, 26, 27, 28, 29, 30, 31, 32, 33, 34, 35, 36, 37, 38, 39, 40, 41, 42, 43, 44, 45, 46
Nodos inspeccionados: 1, 4, 2, 8, 5, 6, 14, 7, 10, 11, 13, 12, 16, 15, 17, 22, 3, 19, 20, 27, 21, 24, 25, 35, 9, 23, 26, 31, 32, 30, 34, 33, 38, 18
---------------------------------------------
Iteración 36
Nodos generados: 1, 2, 3, 4, 5, 6, 7, 8, 9, 10, 11, 12, 13, 14, 15, 16, 17, 18, 19, 20, 21, 22, 23, 24, 25, 26, 27, 28, 29, 30, 31, 32, 33, 34, 35, 36, 37, 38, 39, 40, 41, 42, 43, 44, 45, 46
Nodos inspeccionados: 1, 4, 2, 8, 5, 6, 14, 7, 10, 11, 13, 12, 16, 15, 17, 22, 3, 19, 20, 27, 21, 24, 25, 35, 9, 23, 26, 31, 32, 30, 34, 33, 38, 18, 36
---------------------------------------------
Iteración 37
Nodos generados: 1, 2, 3, 4, 5, 6, 7, 8, 9, 10, 11, 12, 13, 14, 15, 16, 17, 18, 19, 20, 21, 22, 23, 24, 25, 26, 27, 28, 29, 30, 31, 32, 33, 34, 35, 36, 37, 38, 39, 40, 41, 42, 43, 44, 45, 46, 47
Nodos inspeccionados: 1, 4, 2, 8, 5, 6, 14, 7, 10, 11, 13, 12, 16, 15, 17, 22, 3, 19, 20, 27, 21, 24, 25, 35, 9, 23, 26, 31, 32, 30, 34, 33, 38, 18, 36, 37
---------------------------------------------
Iteración 38
Nodos generados: 1, 2, 3, 4, 5, 6, 7, 8, 9, 10, 11, 12, 13, 14, 15, 16, 17, 18, 19, 20, 21, 22, 23, 24, 25, 26, 27, 28, 29, 30, 31, 32, 33, 34, 35, 36, 37, 38, 39, 40, 41, 42, 43, 44, 45, 46, 47, 48
Nodos inspeccionados: 1, 4, 2, 8, 5, 6, 14, 7, 10, 11, 13, 12, 16, 15, 17, 22, 3, 19, 20, 27, 21, 24, 25, 35, 9, 23, 26, 31, 32, 30, 34, 33, 38, 18, 36, 37, 39
---------------------------------------------
Iteración 39
Nodos generados: 1, 2, 3, 4, 5, 6, 7, 8, 9, 10, 11, 12, 13, 14, 15, 16, 17, 18, 19, 20, 21, 22, 23, 24, 25, 26, 27, 28, 29, 30, 31, 32, 33, 34, 35, 36, 37, 38, 39, 40, 41, 42, 43, 44, 45, 46, 47, 48, 49
Nodos inspeccionados: 1, 4, 2, 8, 5, 6, 14, 7, 10, 11, 13, 12, 16, 15, 17, 22, 3, 19, 20, 27, 21, 24, 25, 35, 9, 23, 26, 31, 32, 30, 34, 33, 38, 18, 36, 37, 39, 41
---------------------------------------------
Iteración 40
Nodos generados: 1, 2, 3, 4, 5, 6, 7, 8, 9, 10, 11, 12, 13, 14, 15, 16, 17, 18, 19, 20, 21, 22, 23, 24, 25, 26, 27, 28, 29, 30, 31, 32, 33, 34, 35, 36, 37, 38, 39, 40, 41, 42, 43, 44, 45, 46, 47, 48, 49
Nodos inspeccionados: 1, 4, 2, 8, 5, 6, 14, 7, 10, 11, 13, 12, 16, 15, 17, 22, 3, 19, 20, 27, 21, 24, 25, 35, 9, 23, 26, 31, 32, 30, 34, 33, 38, 18, 36, 37, 39, 41, 42
---------------------------------------------
Iteración 41
Nodos generados: 1, 2, 3, 4, 5, 6, 7, 8, 9, 10, 11, 12, 13, 14, 15, 16, 17, 18, 19, 20, 21, 22, 23, 24, 25, 26, 27, 28, 29, 30, 31, 32, 33, 34, 35, 36, 37, 38, 39, 40, 41, 42, 43, 44, 45, 46, 47, 48, 49, 50, 51, 52
Nodos inspeccionados: 1, 4, 2, 8, 5, 6, 14, 7, 10, 11, 13, 12, 16, 15, 17, 22, 3, 19, 20, 27, 21, 24, 25, 35, 9, 23, 26, 31, 32, 30, 34, 33, 38, 18, 36, 37, 39, 41, 42, 45
---------------------------------------------
Iteración 42
Nodos generados: 1, 2, 3, 4, 5, 6, 7, 8, 9, 10, 11, 12, 13, 14, 15, 16, 17, 18, 19, 20, 21, 22, 23, 24, 25, 26, 27, 28, 29, 30, 31, 32, 33, 34, 35, 36, 37, 38, 39, 40, 41, 42, 43, 44, 45, 46, 47, 48, 49, 50, 51, 52
Nodos inspeccionados: 1, 4, 2, 8, 5, 6, 14, 7, 10, 11, 13, 12, 16, 15, 17, 22, 3, 19, 20, 27, 21, 24, 25, 35, 9, 23, 26, 31, 32, 30, 34, 33, 38, 18, 36, 37, 39, 41, 42, 45, 43
---------------------------------------------
Iteración 43
Nodos generados: 1, 2, 3, 4, 5, 6, 7, 8, 9, 10, 11, 12, 13, 14, 15, 16, 17, 18, 19, 20, 21, 22, 23, 24, 25, 26, 27, 28, 29, 30, 31, 32, 33, 34, 35, 36, 37, 38, 39, 40, 41, 42, 43, 44, 45, 46, 47, 48, 49, 50, 51, 52, 53, 54
Nodos inspeccionados: 1, 4, 2, 8, 5, 6, 14, 7, 10, 11, 13, 12, 16, 15, 17, 22, 3, 19, 20, 27, 21, 24, 25, 35, 9, 23, 26, 31, 32, 30, 34, 33, 38, 18, 36, 37, 39, 41, 42, 45, 43, 44
---------------------------------------------
Iteración 44
Nodos generados: 1, 2, 3, 4, 5, 6, 7, 8, 9, 10, 11, 12, 13, 14, 15, 16, 17, 18, 19, 20, 21, 22, 23, 24, 25, 26, 27, 28, 29, 30, 31, 32, 33, 34, 35, 36, 37, 38, 39, 40, 41, 42, 43, 44, 45, 46, 47, 48, 49, 50, 51, 52, 53, 54, 55
Nodos inspeccionados: 1, 4, 2, 8, 5, 6, 14, 7, 10, 11, 13, 12, 16, 15, 17, 22, 3, 19, 20, 27, 21, 24, 25, 35, 9, 23, 26, 31, 32, 30, 34, 33, 38, 18, 36, 37, 39, 41, 42, 45, 43, 44, 46
---------------------------------------------
Iteración 45
Nodos generados: 1, 2, 3, 4, 5, 6, 7, 8, 9, 10, 11, 12, 13, 14, 15, 16, 17, 18, 19, 20, 21, 22, 23, 24, 25, 26, 27, 28, 29, 30, 31, 32, 33, 34, 35, 36, 37, 38, 39, 40, 41, 42, 43, 44, 45, 46, 47, 48, 49, 50, 51, 52, 53, 54, 55, 56, 57, 58, 59, 60
Nodos inspeccionados: 1, 4, 2, 8, 5, 6, 14, 7, 10, 11, 13, 12, 16, 15, 17, 22, 3, 19, 20, 27, 21, 24, 25, 35, 9, 23, 26, 31, 32, 30, 34, 33, 38, 18, 36, 37, 39, 41, 42, 45, 43, 44, 46, 52
---------------------------------------------
Iteración 46
Nodos generados: 1, 2, 3, 4, 5, 6, 7, 8, 9, 10, 11, 12, 13, 14, 15, 16, 17, 18, 19, 20, 21, 22, 23, 24, 25, 26, 27, 28, 29, 30, 31, 32, 33, 34, 35, 36, 37, 38, 39, 40, 41, 42, 43, 44, 45, 46, 47, 48, 49, 50, 51, 52, 53, 54, 55, 56, 57, 58, 59, 60, 61, 62, 63
Nodos inspeccionados: 1, 4, 2, 8, 5, 6, 14, 7, 10, 11, 13, 12, 16, 15, 17, 22, 3, 19, 20, 27, 21, 24, 25, 35, 9, 23, 26, 31, 32, 30, 34, 33, 38, 18, 36, 37, 39, 41, 42, 45, 43, 44, 46, 52, 29
---------------------------------------------
Iteración 47
Nodos generados: 1, 2, 3, 4, 5, 6, 7, 8, 9, 10, 11, 12, 13, 14, 15, 16, 17, 18, 19, 20, 21, 22, 23, 24, 25, 26, 27, 28, 29, 30, 31, 32, 33, 34, 35, 36, 37, 38, 39, 40, 41, 42, 43, 44, 45, 46, 47, 48, 49, 50, 51, 52, 53, 54, 55, 56, 57, 58, 59, 60, 61, 62, 63, 64
Nodos inspeccionados: 1, 4, 2, 8, 5, 6, 14, 7, 10, 11, 13, 12, 16, 15, 17, 22, 3, 19, 20, 27, 21, 24, 25, 35, 9, 23, 26, 31, 32, 30, 34, 33, 38, 18, 36, 37, 39, 41, 42, 45, 43, 44, 46, 52, 29, 47
---------------------------------------------
Iteración 48
Nodos generados: 1, 2, 3, 4, 5, 6, 7, 8, 9, 10, 11, 12, 13, 14, 15, 16, 17, 18, 19, 20, 21, 22, 23, 24, 25, 26, 27, 28, 29, 30, 31, 32, 33, 34, 35, 36, 37, 38, 39, 40, 41, 42, 43, 44, 45, 46, 47, 48, 49, 50, 51, 52, 53, 54, 55, 56, 57, 58, 59, 60, 61, 62, 63, 64, 65
Nodos inspeccionados: 1, 4, 2, 8, 5, 6, 14, 7, 10, 11, 13, 12, 16, 15, 17, 22, 3, 19, 20, 27, 21, 24, 25, 35, 9, 23, 26, 31, 32, 30, 34, 33, 38, 18, 36, 37, 39, 41, 42, 45, 43, 44, 46, 52, 29, 47, 48
---------------------------------------------
Iteración 49
Nodos generados: 1, 2, 3, 4, 5, 6, 7, 8, 9, 10, 11, 12, 13, 14, 15, 16, 17, 18, 19, 20, 21, 22, 23, 24, 25, 26, 27, 28, 29, 30, 31, 32, 33, 34, 35, 36, 37, 38, 39, 40, 41, 42, 43, 44, 45, 46, 47, 48, 49, 50, 51, 52, 53, 54, 55, 56, 57, 58, 59, 60, 61, 62, 63, 64, 65, 66
Nodos inspeccionados: 1, 4, 2, 8, 5, 6, 14, 7, 10, 11, 13, 12, 16, 15, 17, 22, 3, 19, 20, 27, 21, 24, 25, 35, 9, 23, 26, 31, 32, 30, 34, 33, 38, 18, 36, 37, 39, 41, 42, 45, 43, 44, 46, 52, 29, 47, 48, 50
---------------------------------------------
Iteración 50
Nodos generados: 1, 2, 3, 4, 5, 6, 7, 8, 9, 10, 11, 12, 13, 14, 15, 16, 17, 18, 19, 20, 21, 22, 23, 24, 25, 26, 27, 28, 29, 30, 31, 32, 33, 34, 35, 36, 37, 38, 39, 40, 41, 42, 43, 44, 45, 46, 47, 48, 49, 50, 51, 52, 53, 54, 55, 56, 57, 58, 59, 60, 61, 62, 63, 64, 65, 66
Nodos inspeccionados: 1, 4, 2, 8, 5, 6, 14, 7, 10, 11, 13, 12, 16, 15, 17, 22, 3, 19, 20, 27, 21, 24, 25, 35, 9, 23, 26, 31, 32, 30, 34, 33, 38, 18, 36, 37, 39, 41, 42, 45, 43, 44, 46, 52, 29, 47, 48, 50, 28
---------------------------------------------
Iteración 51
Nodos generados: 1, 2, 3, 4, 5, 6, 7, 8, 9, 10, 11, 12, 13, 14, 15, 16, 17, 18, 19, 20, 21, 22, 23, 24, 25, 26, 27, 28, 29, 30, 31, 32, 33, 34, 35, 36, 37, 38, 39, 40, 41, 42, 43, 44, 45, 46, 47, 48, 49, 50, 51, 52, 53, 54, 55, 56, 57, 58, 59, 60, 61, 62, 63, 64, 65, 66
Nodos inspeccionados: 1, 4, 2, 8, 5, 6, 14, 7, 10, 11, 13, 12, 16, 15, 17, 22, 3, 19, 20, 27, 21, 24, 25, 35, 9, 23, 26, 31, 32, 30, 34, 33, 38, 18, 36, 37, 39, 41, 42, 45, 43, 44, 46, 52, 29, 47, 48, 50, 28, 49
---------------------------------------------
Iteración 52
Nodos generados: 1, 2, 3, 4, 5, 6, 7, 8, 9, 10, 11, 12, 13, 14, 15, 16, 17, 18, 19, 20, 21, 22, 23, 24, 25, 26, 27, 28, 29, 30, 31, 32, 33, 34, 35, 36, 37, 38, 39, 40, 41, 42, 43, 44, 45, 46, 47, 48, 49, 50, 51, 52, 53, 54, 55, 56, 57, 58, 59, 60, 61, 62, 63, 64, 65, 66, 67
Nodos inspeccionados: 1, 4, 2, 8, 5, 6, 14, 7, 10, 11, 13, 12, 16, 15, 17, 22, 3, 19, 20, 27, 21, 24, 25, 35, 9, 23, 26, 31, 32, 30, 34, 33, 38, 18, 36, 37, 39, 41, 42, 45, 43, 44, 46, 52, 29, 47, 48, 50, 28, 49, 51
---------------------------------------------
Iteración 53
Nodos generados: 1, 2, 3, 4, 5, 6, 7, 8, 9, 10, 11, 12, 13, 14, 15, 16, 17, 18, 19, 20, 21, 22, 23, 24, 25, 26, 27, 28, 29, 30, 31, 32, 33, 34, 35, 36, 37, 38, 39, 40, 41, 42, 43, 44, 45, 46, 47, 48, 49, 50, 51, 52, 53, 54, 55, 56, 57, 58, 59, 60, 61, 62, 63, 64, 65, 66, 67, 68, 69, 70
Nodos inspeccionados: 1, 4, 2, 8, 5, 6, 14, 7, 10, 11, 13, 12, 16, 15, 17, 22, 3, 19, 20, 27, 21, 24, 25, 35, 9, 23, 26, 31, 32, 30, 34, 33, 38, 18, 36, 37, 39, 41, 42, 45, 43, 44, 46, 52, 29, 47, 48, 50, 28, 49, 51, 57
---------------------------------------------
Iteración 54
Nodos generados: 1, 2, 3, 4, 5, 6, 7, 8, 9, 10, 11, 12, 13, 14, 15, 16, 17, 18, 19, 20, 21, 22, 23, 24, 25, 26, 27, 28, 29, 30, 31, 32, 33, 34, 35, 36, 37, 38, 39, 40, 41, 42, 43, 44, 45, 46, 47, 48, 49, 50, 51, 52, 53, 54, 55, 56, 57, 58, 59, 60, 61, 62, 63, 64, 65, 66, 67, 68, 69, 70
Nodos inspeccionados: 1, 4, 2, 8, 5, 6, 14, 7, 10, 11, 13, 12, 16, 15, 17, 22, 3, 19, 20, 27, 21, 24, 25, 35, 9, 23, 26, 31, 32, 30, 34, 33, 38, 18, 36, 37, 39, 41, 42, 45, 43, 44, 46, 52, 29, 47, 48, 50, 28, 49, 51, 57, 40
---------------------------------------------
Iteración 55
Nodos generados: 1, 2, 3, 4, 5, 6, 7, 8, 9, 10, 11, 12, 13, 14, 15, 16, 17, 18, 19, 20, 21, 22, 23, 24, 25, 26, 27, 28, 29, 30, 31, 32, 33, 34, 35, 36, 37, 38, 39, 40, 41, 42, 43, 44, 45, 46, 47, 48, 49, 50, 51, 52, 53, 54, 55, 56, 57, 58, 59, 60, 61, 62, 63, 64, 65, 66, 67, 68, 69, 70, 71
Nodos inspeccionados: 1, 4, 2, 8, 5, 6, 14, 7, 10, 11, 13, 12, 16, 15, 17, 22, 3, 19, 20, 27, 21, 24, 25, 35, 9, 23, 26, 31, 32, 30, 34, 33, 38, 18, 36, 37, 39, 41, 42, 45, 43, 44, 46, 52, 29, 47, 48, 50, 28, 49, 51, 57, 40, 55
---------------------------------------------
Iteración 56
Nodos generados: 1, 2, 3, 4, 5, 6, 7, 8, 9, 10, 11, 12, 13, 14, 15, 16, 17, 18, 19, 20, 21, 22, 23, 24, 25, 26, 27, 28, 29, 30, 31, 32, 33, 34, 35, 36, 37, 38, 39, 40, 41, 42, 43, 44, 45, 46, 47, 48, 49, 50, 51, 52, 53, 54, 55, 56, 57, 58, 59, 60, 61, 62, 63, 64, 65, 66, 67, 68, 69, 70, 71, 72
Nodos inspeccionados: 1, 4, 2, 8, 5, 6, 14, 7, 10, 11, 13, 12, 16, 15, 17, 22, 3, 19, 20, 27, 21, 24, 25, 35, 9, 23, 26, 31, 32, 30, 34, 33, 38, 18, 36, 37, 39, 41, 42, 45, 43, 44, 46, 52, 29, 47, 48, 50, 28, 49, 51, 57, 40, 55, 58
---------------------------------------------
Iteración 57
Nodos generados: 1, 2, 3, 4, 5, 6, 7, 8, 9, 10, 11, 12, 13, 14, 15, 16, 17, 18, 19, 20, 21, 22, 23, 24, 25, 26, 27, 28, 29, 30, 31, 32, 33, 34, 35, 36, 37, 38, 39, 40, 41, 42, 43, 44, 45, 46, 47, 48, 49, 50, 51, 52, 53, 54, 55, 56, 57, 58, 59, 60, 61, 62, 63, 64, 65, 66, 67, 68, 69, 70, 71, 72, 73
Nodos inspeccionados: 1, 4, 2, 8, 5, 6, 14, 7, 10, 11, 13, 12, 16, 15, 17, 22, 3, 19, 20, 27, 21, 24, 25, 35, 9, 23, 26, 31, 32, 30, 34, 33, 38, 18, 36, 37, 39, 41, 42, 45, 43, 44, 46, 52, 29, 47, 48, 50, 28, 49, 51, 57, 40, 55, 58, 66
---------------------------------------------
Iteración 58
Nodos generados: 1, 2, 3, 4, 5, 6, 7, 8, 9, 10, 11, 12, 13, 14, 15, 16, 17, 18, 19, 20, 21, 22, 23, 24, 25, 26, 27, 28, 29, 30, 31, 32, 33, 34, 35, 36, 37, 38, 39, 40, 41, 42, 43, 44, 45, 46, 47, 48, 49, 50, 51, 52, 53, 54, 55, 56, 57, 58, 59, 60, 61, 62, 63, 64, 65, 66, 67, 68, 69, 70, 71, 72, 73, 74
Nodos inspeccionados: 1, 4, 2, 8, 5, 6, 14, 7, 10, 11, 13, 12, 16, 15, 17, 22, 3, 19, 20, 27, 21, 24, 25, 35, 9, 23, 26, 31, 32, 30, 34, 33, 38, 18, 36, 37, 39, 41, 42, 45, 43, 44, 46, 52, 29, 47, 48, 50, 28, 49, 51, 57, 40, 55, 58, 66, 68
---------------------------------------------
Iteración 59
Nodos generados: 1, 2, 3, 4, 5, 6, 7, 8, 9, 10, 11, 12, 13, 14, 15, 16, 17, 18, 19, 20, 21, 22, 23, 24, 25, 26, 27, 28, 29, 30, 31, 32, 33, 34, 35, 36, 37, 38, 39, 40, 41, 42, 43, 44, 45, 46, 47, 48, 49, 50, 51, 52, 53, 54, 55, 56, 57, 58, 59, 60, 61, 62, 63, 64, 65, 66, 67, 68, 69, 70, 71, 72, 73, 74, 75
Nodos inspeccionados: 1, 4, 2, 8, 5, 6, 14, 7, 10, 11, 13, 12, 16, 15, 17, 22, 3, 19, 20, 27, 21, 24, 25, 35, 9, 23, 26, 31, 32, 30, 34, 33, 38, 18, 36, 37, 39, 41, 42, 45, 43, 44, 46, 52, 29, 47, 48, 50, 28, 49, 51, 57, 40, 55, 58, 66, 68, 67
---------------------------------------------
Iteración 60
Nodos generados: 1, 2, 3, 4, 5, 6, 7, 8, 9, 10, 11, 12, 13, 14, 15, 16, 17, 18, 19, 20, 21, 22, 23, 24, 25, 26, 27, 28, 29, 30, 31, 32, 33, 34, 35, 36, 37, 38, 39, 40, 41, 42, 43, 44, 45, 46, 47, 48, 49, 50, 51, 52, 53, 54, 55, 56, 57, 58, 59, 60, 61, 62, 63, 64, 65, 66, 67, 68, 69, 70, 71, 72, 73, 74, 75
Nodos inspeccionados: 1, 4, 2, 8, 5, 6, 14, 7, 10, 11, 13, 12, 16, 15, 17, 22, 3, 19, 20, 27, 21, 24, 25, 35, 9, 23, 26, 31, 32, 30, 34, 33, 38, 18, 36, 37, 39, 41, 42, 45, 43, 44, 46, 52, 29, 47, 48, 50, 28, 49, 51, 57, 40, 55, 58, 66, 68, 67, 69
---------------------------------------------
Iteración 61
Nodos generados: 1, 2, 3, 4, 5, 6, 7, 8, 9, 10, 11, 12, 13, 14, 15, 16, 17, 18, 19, 20, 21, 22, 23, 24, 25, 26, 27, 28, 29, 30, 31, 32, 33, 34, 35, 36, 37, 38, 39, 40, 41, 42, 43, 44, 45, 46, 47, 48, 49, 50, 51, 52, 53, 54, 55, 56, 57, 58, 59, 60, 61, 62, 63, 64, 65, 66, 67, 68, 69, 70, 71, 72, 73, 74, 75
Nodos inspeccionados: 1, 4, 2, 8, 5, 6, 14, 7, 10, 11, 13, 12, 16, 15, 17, 22, 3, 19, 20, 27, 21, 24, 25, 35, 9, 23, 26, 31, 32, 30, 34, 33, 38, 18, 36, 37, 39, 41, 42, 45, 43, 44, 46, 52, 29, 47, 48, 50, 28, 49, 51, 57, 40, 55, 58, 66, 68, 67, 69, 72
---------------------------------------------
Iteración 62
Nodos generados: 1, 2, 3, 4, 5, 6, 7, 8, 9, 10, 11, 12, 13, 14, 15, 16, 17, 18, 19, 20, 21, 22, 23, 24, 25, 26, 27, 28, 29, 30, 31, 32, 33, 34, 35, 36, 37, 38, 39, 40, 41, 42, 43, 44, 45, 46, 47, 48, 49, 50, 51, 52, 53, 54, 55, 56, 57, 58, 59, 60, 61, 62, 63, 64, 65, 66, 67, 68, 69, 70, 71, 72, 73, 74, 75, 76, 77, 78
Nodos inspeccionados: 1, 4, 2, 8, 5, 6, 14, 7, 10, 11, 13, 12, 16, 15, 17, 22, 3, 19, 20, 27, 21, 24, 25, 35, 9, 23, 26, 31, 32, 30, 34, 33, 38, 18, 36, 37, 39, 41, 42, 45, 43, 44, 46, 52, 29, 47, 48, 50, 28, 49, 51, 57, 40, 55, 58, 66, 68, 67, 69, 72, 60
---------------------------------------------
Iteración 63
Nodos generados: 1, 2, 3, 4, 5, 6, 7, 8, 9, 10, 11, 12, 13, 14, 15, 16, 17, 18, 19, 20, 21, 22, 23, 24, 25, 26, 27, 28, 29, 30, 31, 32, 33, 34, 35, 36, 37, 38, 39, 40, 41, 42, 43, 44, 45, 46, 47, 48, 49, 50, 51, 52, 53, 54, 55, 56, 57, 58, 59, 60, 61, 62, 63, 64, 65, 66, 67, 68, 69, 70, 71, 72, 73, 74, 75, 76, 77, 78
Nodos inspeccionados: 1, 4, 2, 8, 5, 6, 14, 7, 10, 11, 13, 12, 16, 15, 17, 22, 3, 19, 20, 27, 21, 24, 25, 35, 9, 23, 26, 31, 32, 30, 34, 33, 38, 18, 36, 37, 39, 41, 42, 45, 43, 44, 46, 52, 29, 47, 48, 50, 28, 49, 51, 57, 40, 55, 58, 66, 68, 67, 69, 72, 60, 73
---------------------------------------------
Iteración 64
Nodos generados: 1, 2, 3, 4, 5, 6, 7, 8, 9, 10, 11, 12, 13, 14, 15, 16, 17, 18, 19, 20, 21, 22, 23, 24, 25, 26, 27, 28, 29, 30, 31, 32, 33, 34, 35, 36, 37, 38, 39, 40, 41, 42, 43, 44, 45, 46, 47, 48, 49, 50, 51, 52, 53, 54, 55, 56, 57, 58, 59, 60, 61, 62, 63, 64, 65, 66, 67, 68, 69, 70, 71, 72, 73, 74, 75, 76, 77, 78, 79, 80
Nodos inspeccionados: 1, 4, 2, 8, 5, 6, 14, 7, 10, 11, 13, 12, 16, 15, 17, 22, 3, 19, 20, 27, 21, 24, 25, 35, 9, 23, 26, 31, 32, 30, 34, 33, 38, 18, 36, 37, 39, 41, 42, 45, 43, 44, 46, 52, 29, 47, 48, 50, 28, 49, 51, 57, 40, 55, 58, 66, 68, 67, 69, 72, 60, 73, 53
---------------------------------------------
Iteración 65
Nodos generados: 1, 2, 3, 4, 5, 6, 7, 8, 9, 10, 11, 12, 13, 14, 15, 16, 17, 18, 19, 20, 21, 22, 23, 24, 25, 26, 27, 28, 29, 30, 31, 32, 33, 34, 35, 36, 37, 38, 39, 40, 41, 42, 43, 44, 45, 46, 47, 48, 49, 50, 51, 52, 53, 54, 55, 56, 57, 58, 59, 60, 61, 62, 63, 64, 65, 66, 67, 68, 69, 70, 71, 72, 73, 74, 75, 76, 77, 78, 79, 80, 81
Nodos inspeccionados: 1, 4, 2, 8, 5, 6, 14, 7, 10, 11, 13, 12, 16, 15, 17, 22, 3, 19, 20, 27, 21, 24, 25, 35, 9, 23, 26, 31, 32, 30, 34, 33, 38, 18, 36, 37, 39, 41, 42, 45, 43, 44, 46, 52, 29, 47, 48, 50, 28, 49, 51, 57, 40, 55, 58, 66, 68, 67, 69, 72, 60, 73, 53, 56
---------------------------------------------
Iteración 66
Nodos generados: 1, 2, 3, 4, 5, 6, 7, 8, 9, 10, 11, 12, 13, 14, 15, 16, 17, 18, 19, 20, 21, 22, 23, 24, 25, 26, 27, 28, 29, 30, 31, 32, 33, 34, 35, 36, 37, 38, 39, 40, 41, 42, 43, 44, 45, 46, 47, 48, 49, 50, 51, 52, 53, 54, 55, 56, 57, 58, 59, 60, 61, 62, 63, 64, 65, 66, 67, 68, 69, 70, 71, 72, 73, 74, 75, 76, 77, 78, 79, 80, 81
Nodos inspeccionados: 1, 4, 2, 8, 5, 6, 14, 7, 10, 11, 13, 12, 16, 15, 17, 22, 3, 19, 20, 27, 21, 24, 25, 35, 9, 23, 26, 31, 32, 30, 34, 33, 38, 18, 36, 37, 39, 41, 42, 45, 43, 44, 46, 52, 29, 47, 48, 50, 28, 49, 51, 57, 40, 55, 58, 66, 68, 67, 69, 72, 60, 73, 53, 56, 63
---------------------------------------------
Iteración 67
Nodos generados: 1, 2, 3, 4, 5, 6, 7, 8, 9, 10, 11, 12, 13, 14, 15, 16, 17, 18, 19, 20, 21, 22, 23, 24, 25, 26, 27, 28, 29, 30, 31, 32, 33, 34, 35, 36, 37, 38, 39, 40, 41, 42, 43, 44, 45, 46, 47, 48, 49, 50, 51, 52, 53, 54, 55, 56, 57, 58, 59, 60, 61, 62, 63, 64, 65, 66, 67, 68, 69, 70, 71, 72, 73, 74, 75, 76, 77, 78, 79, 80, 81, 82, 83
Nodos inspeccionados: 1, 4, 2, 8, 5, 6, 14, 7, 10, 11, 13, 12, 16, 15, 17, 22, 3, 19, 20, 27, 21, 24, 25, 35, 9, 23, 26, 31, 32, 30, 34, 33, 38, 18, 36, 37, 39, 41, 42, 45, 43, 44, 46, 52, 29, 47, 48, 50, 28, 49, 51, 57, 40, 55, 58, 66, 68, 67, 69, 72, 60, 73, 53, 56, 63, 65
---------------------------------------------
Iteración 68
Nodos generados: 1, 2, 3, 4, 5, 6, 7, 8, 9, 10, 11, 12, 13, 14, 15, 16, 17, 18, 19, 20, 21, 22, 23, 24, 25, 26, 27, 28, 29, 30, 31, 32, 33, 34, 35, 36, 37, 38, 39, 40, 41, 42, 43, 44, 45, 46, 47, 48, 49, 50, 51, 52, 53, 54, 55, 56, 57, 58, 59, 60, 61, 62, 63, 64, 65, 66, 67, 68, 69, 70, 71, 72, 73, 74, 75, 76, 77, 78, 79, 80, 81, 82, 83
Nodos inspeccionados: 1, 4, 2, 8, 5, 6, 14, 7, 10, 11, 13, 12, 16, 15, 17, 22, 3, 19, 20, 27, 21, 24, 25, 35, 9, 23, 26, 31, 32, 30, 34, 33, 38, 18, 36, 37, 39, 41, 42, 45, 43, 44, 46, 52, 29, 47, 48, 50, 28, 49, 51, 57, 40, 55, 58, 66, 68, 67, 69, 72, 60, 73, 53, 56, 63, 65, 61
---------------------------------------------
Iteración 69
Nodos generados: 1, 2, 3, 4, 5, 6, 7, 8, 9, 10, 11, 12, 13, 14, 15, 16, 17, 18, 19, 20, 21, 22, 23, 24, 25, 26, 27, 28, 29, 30, 31, 32, 33, 34, 35, 36, 37, 38, 39, 40, 41, 42, 43, 44, 45, 46, 47, 48, 49, 50, 51, 52, 53, 54, 55, 56, 57, 58, 59, 60, 61, 62, 63, 64, 65, 66, 67, 68, 69, 70, 71, 72, 73, 74, 75, 76, 77, 78, 79, 80, 81, 82, 83, 84
Nodos inspeccionados: 1, 4, 2, 8, 5, 6, 14, 7, 10, 11, 13, 12, 16, 15, 17, 22, 3, 19, 20, 27, 21, 24, 25, 35, 9, 23, 26, 31, 32, 30, 34, 33, 38, 18, 36, 37, 39, 41, 42, 45, 43, 44, 46, 52, 29, 47, 48, 50, 28, 49, 51, 57, 40, 55, 58, 66, 68, 67, 69, 72, 60, 73, 53, 56, 63, 65, 61, 54
---------------------------------------------
Iteración 70
Nodos generados: 1, 2, 3, 4, 5, 6, 7, 8, 9, 10, 11, 12, 13, 14, 15, 16, 17, 18, 19, 20, 21, 22, 23, 24, 25, 26, 27, 28, 29, 30, 31, 32, 33, 34, 35, 36, 37, 38, 39, 40, 41, 42, 43, 44, 45, 46, 47, 48, 49, 50, 51, 52, 53, 54, 55, 56, 57, 58, 59, 60, 61, 62, 63, 64, 65, 66, 67, 68, 69, 70, 71, 72, 73, 74, 75, 76, 77, 78, 79, 80, 81, 82, 83, 84, 85
Nodos inspeccionados: 1, 4, 2, 8, 5, 6, 14, 7, 10, 11, 13, 12, 16, 15, 17, 22, 3, 19, 20, 27, 21, 24, 25, 35, 9, 23, 26, 31, 32, 30, 34, 33, 38, 18, 36, 37, 39, 41, 42, 45, 43, 44, 46, 52, 29, 47, 48, 50, 28, 49, 51, 57, 40, 55, 58, 66, 68, 67, 69, 72, 60, 73, 53, 56, 63, 65, 61, 54, 70
---------------------------------------------
Iteración 71
Nodos generados: 1, 2, 3, 4, 5, 6, 7, 8, 9, 10, 11, 12, 13, 14, 15, 16, 17, 18, 19, 20, 21, 22, 23, 24, 25, 26, 27, 28, 29, 30, 31, 32, 33, 34, 35, 36, 37, 38, 39, 40, 41, 42, 43, 44, 45, 46, 47, 48, 49, 50, 51, 52, 53, 54, 55, 56, 57, 58, 59, 60, 61, 62, 63, 64, 65, 66, 67, 68, 69, 70, 71, 72, 73, 74, 75, 76, 77, 78, 79, 80, 81, 82, 83, 84, 85
Nodos inspeccionados: 1, 4, 2, 8, 5, 6, 14, 7, 10, 11, 13, 12, 16, 15, 17, 22, 3, 19, 20, 27, 21, 24, 25, 35, 9, 23, 26, 31, 32, 30, 34, 33, 38, 18, 36, 37, 39, 41, 42, 45, 43, 44, 46, 52, 29, 47, 48, 50, 28, 49, 51, 57, 40, 55, 58, 66, 68, 67, 69, 72, 60, 73, 53, 56, 63, 65, 61, 54, 70, 62
---------------------------------------------
Iteración 72
Nodos generados: 1, 2, 3, 4, 5, 6, 7, 8, 9, 10, 11, 12, 13, 14, 15, 16, 17, 18, 19, 20, 21, 22, 23, 24, 25, 26, 27, 28, 29, 30, 31, 32, 33, 34, 35, 36, 37, 38, 39, 40, 41, 42, 43, 44, 45, 46, 47, 48, 49, 50, 51, 52, 53, 54, 55, 56, 57, 58, 59, 60, 61, 62, 63, 64, 65, 66, 67, 68, 69, 70, 71, 72, 73, 74, 75, 76, 77, 78, 79, 80, 81, 82, 83, 84, 85
Nodos inspeccionados: 1, 4, 2, 8, 5, 6, 14, 7, 10, 11, 13, 12, 16, 15, 17, 22, 3, 19, 20, 27, 21, 24, 25, 35, 9, 23, 26, 31, 32, 30, 34, 33, 38, 18, 36, 37, 39, 41, 42, 45, 43, 44, 46, 52, 29, 47, 48, 50, 28, 49, 51, 57, 40, 55, 58, 66, 68, 67, 69, 72, 60, 73, 53, 56, 63, 65, 61, 54, 70, 62, 64
---------------------------------------------
Iteración 73
Nodos generados: 1, 2, 3, 4, 5, 6, 7, 8, 9, 10, 11, 12, 13, 14, 15, 16, 17, 18, 19, 20, 21, 22, 23, 24, 25, 26, 27, 28, 29, 30, 31, 32, 33, 34, 35, 36, 37, 38, 39, 40, 41, 42, 43, 44, 45, 46, 47, 48, 49, 50, 51, 52, 53, 54, 55, 56, 57, 58, 59, 60, 61, 62, 63, 64, 65, 66, 67, 68, 69, 70, 71, 72, 73, 74, 75, 76, 77, 78, 79, 80, 81, 82, 83, 84, 85, 86
Nodos inspeccionados: 1, 4, 2, 8, 5, 6, 14, 7, 10, 11, 13, 12, 16, 15, 17, 22, 3, 19, 20, 27, 21, 24, 25, 35, 9, 23, 26, 31, 32, 30, 34, 33, 38, 18, 36, 37, 39, 41, 42, 45, 43, 44, 46, 52, 29, 47, 48, 50, 28, 49, 51, 57, 40, 55, 58, 66, 68, 67, 69, 72, 60, 73, 53, 56, 63, 65, 61, 54, 70, 62, 64, 71
---------------------------------------------
Iteración 74
Nodos generados: 1, 2, 3, 4, 5, 6, 7, 8, 9, 10, 11, 12, 13, 14, 15, 16, 17, 18, 19, 20, 21, 22, 23, 24, 25, 26, 27, 28, 29, 30, 31, 32, 33, 34, 35, 36, 37, 38, 39, 40, 41, 42, 43, 44, 45, 46, 47, 48, 49, 50, 51, 52, 53, 54, 55, 56, 57, 58, 59, 60, 61, 62, 63, 64, 65, 66, 67, 68, 69, 70, 71, 72, 73, 74, 75, 76, 77, 78, 79, 80, 81, 82, 83, 84, 85, 86, 87, 88, 89
Nodos inspeccionados: 1, 4, 2, 8, 5, 6, 14, 7, 10, 11, 13, 12, 16, 15, 17, 22, 3, 19, 20, 27, 21, 24, 25, 35, 9, 23, 26, 31, 32, 30, 34, 33, 38, 18, 36, 37, 39, 41, 42, 45, 43, 44, 46, 52, 29, 47, 48, 50, 28, 49, 51, 57, 40, 55, 58, 66, 68, 67, 69, 72, 60, 73, 53, 56, 63, 65, 61, 54, 70, 62, 64, 71, 74
---------------------------------------------
Iteración 75
Nodos generados: 1, 2, 3, 4, 5, 6, 7, 8, 9, 10, 11, 12, 13, 14, 15, 16, 17, 18, 19, 20, 21, 22, 23, 24, 25, 26, 27, 28, 29, 30, 31, 32, 33, 34, 35, 36, 37, 38, 39, 40, 41, 42, 43, 44, 45, 46, 47, 48, 49, 50, 51, 52, 53, 54, 55, 56, 57, 58, 59, 60, 61, 62, 63, 64, 65, 66, 67, 68, 69, 70, 71, 72, 73, 74, 75, 76, 77, 78, 79, 80, 81, 82, 83, 84, 85, 86, 87, 88, 89
Nodos inspeccionados: 1, 4, 2, 8, 5, 6, 14, 7, 10, 11, 13, 12, 16, 15, 17, 22, 3, 19, 20, 27, 21, 24, 25, 35, 9, 23, 26, 31, 32, 30, 34, 33, 38, 18, 36, 37, 39, 41, 42, 45, 43, 44, 46, 52, 29, 47, 48, 50, 28, 49, 51, 57, 40, 55, 58, 66, 68, 67, 69, 72, 60, 73, 53, 56, 63, 65, 61, 54, 70, 62, 64, 71, 74, 75
---------------------------------------------
Iteración 76
Nodos generados: 1, 2, 3, 4, 5, 6, 7, 8, 9, 10, 11, 12, 13, 14, 15, 16, 17, 18, 19, 20, 21, 22, 23, 24, 25, 26, 27, 28, 29, 30, 31, 32, 33, 34, 35, 36, 37, 38, 39, 40, 41, 42, 43, 44, 45, 46, 47, 48, 49, 50, 51, 52, 53, 54, 55, 56, 57, 58, 59, 60, 61, 62, 63, 64, 65, 66, 67, 68, 69, 70, 71, 72, 73, 74, 75, 76, 77, 78, 79, 80, 81, 82, 83, 84, 85, 86, 87, 88, 89, 90, 91, 92, 93
Nodos inspeccionados: 1, 4, 2, 8, 5, 6, 14, 7, 10, 11, 13, 12, 16, 15, 17, 22, 3, 19, 20, 27, 21, 24, 25, 35, 9, 23, 26, 31, 32, 30, 34, 33, 38, 18, 36, 37, 39, 41, 42, 45, 43, 44, 46, 52, 29, 47, 48, 50, 28, 49, 51, 57, 40, 55, 58, 66, 68, 67, 69, 72, 60, 73, 53, 56, 63, 65, 61, 54, 70, 62, 64, 71, 74, 75, 88
---------------------------------------------
Iteración 77
Nodos generados: 1, 2, 3, 4, 5, 6, 7, 8, 9, 10, 11, 12, 13, 14, 15, 16, 17, 18, 19, 20, 21, 22, 23, 24, 25, 26, 27, 28, 29, 30, 31, 32, 33, 34, 35, 36, 37, 38, 39, 40, 41, 42, 43, 44, 45, 46, 47, 48, 49, 50, 51, 52, 53, 54, 55, 56, 57, 58, 59, 60, 61, 62, 63, 64, 65, 66, 67, 68, 69, 70, 71, 72, 73, 74, 75, 76, 77, 78, 79, 80, 81, 82, 83, 84, 85, 86, 87, 88, 89, 90, 91, 92, 93, 94, 95
Nodos inspeccionados: 1, 4, 2, 8, 5, 6, 14, 7, 10, 11, 13, 12, 16, 15, 17, 22, 3, 19, 20, 27, 21, 24, 25, 35, 9, 23, 26, 31, 32, 30, 34, 33, 38, 18, 36, 37, 39, 41, 42, 45, 43, 44, 46, 52, 29, 47, 48, 50, 28, 49, 51, 57, 40, 55, 58, 66, 68, 67, 69, 72, 60, 73, 53, 56, 63, 65, 61, 54, 70, 62, 64, 71, 74, 75, 88, 59
---------------------------------------------
Iteración 78
Nodos generados: 1, 2, 3, 4, 5, 6, 7, 8, 9, 10, 11, 12, 13, 14, 15, 16, 17, 18, 19, 20, 21, 22, 23, 24, 25, 26, 27, 28, 29, 30, 31, 32, 33, 34, 35, 36, 37, 38, 39, 40, 41, 42, 43, 44, 45, 46, 47, 48, 49, 50, 51, 52, 53, 54, 55, 56, 57, 58, 59, 60, 61, 62, 63, 64, 65, 66, 67, 68, 69, 70, 71, 72, 73, 74, 75, 76, 77, 78, 79, 80, 81, 82, 83, 84, 85, 86, 87, 88, 89, 90, 91, 92, 93, 94, 95, 96
Nodos inspeccionados: 1, 4, 2, 8, 5, 6, 14, 7, 10, 11, 13, 12, 16, 15, 17, 22, 3, 19, 20, 27, 21, 24, 25, 35, 9, 23, 26, 31, 32, 30, 34, 33, 38, 18, 36, 37, 39, 41, 42, 45, 43, 44, 46, 52, 29, 47, 48, 50, 28, 49, 51, 57, 40, 55, 58, 66, 68, 67, 69, 72, 60, 73, 53, 56, 63, 65, 61, 54, 70, 62, 64, 71, 74, 75, 88, 59, 87
---------------------------------------------
Iteración 79
Nodos generados: 1, 2, 3, 4, 5, 6, 7, 8, 9, 10, 11, 12, 13, 14, 15, 16, 17, 18, 19, 20, 21, 22, 23, 24, 25, 26, 27, 28, 29, 30, 31, 32, 33, 34, 35, 36, 37, 38, 39, 40, 41, 42, 43, 44, 45, 46, 47, 48, 49, 50, 51, 52, 53, 54, 55, 56, 57, 58, 59, 60, 61, 62, 63, 64, 65, 66, 67, 68, 69, 70, 71, 72, 73, 74, 75, 76, 77, 78, 79, 80, 81, 82, 83, 84, 85, 86, 87, 88, 89, 90, 91, 92, 93, 94, 95, 96, 97, 98, 99
Nodos inspeccionados: 1, 4, 2, 8, 5, 6, 14, 7, 10, 11, 13, 12, 16, 15, 17, 22, 3, 19, 20, 27, 21, 24, 25, 35, 9, 23, 26, 31, 32, 30, 34, 33, 38, 18, 36, 37, 39, 41, 42, 45, 43, 44, 46, 52, 29, 47, 48, 50, 28, 49, 51, 57, 40, 55, 58, 66, 68, 67, 69, 72, 60, 73, 53, 56, 63, 65, 61, 54, 70, 62, 64, 71, 74, 75, 88, 59, 87, 78
---------------------------------------------
Iteración 80
Nodos generados: 1, 2, 3, 4, 5, 6, 7, 8, 9, 10, 11, 12, 13, 14, 15, 16, 17, 18, 19, 20, 21, 22, 23, 24, 25, 26, 27, 28, 29, 30, 31, 32, 33, 34, 35, 36, 37, 38, 39, 40, 41, 42, 43, 44, 45, 46, 47, 48, 49, 50, 51, 52, 53, 54, 55, 56, 57, 58, 59, 60, 61, 62, 63, 64, 65, 66, 67, 68, 69, 70, 71, 72, 73, 74, 75, 76, 77, 78, 79, 80, 81, 82, 83, 84, 85, 86, 87, 88, 89, 90, 91, 92, 93, 94, 95, 96, 97, 98, 99, 100, 101, 102
Nodos inspeccionados: 1, 4, 2, 8, 5, 6, 14, 7, 10, 11, 13, 12, 16, 15, 17, 22, 3, 19, 20, 27, 21, 24, 25, 35, 9, 23, 26, 31, 32, 30, 34, 33, 38, 18, 36, 37, 39, 41, 42, 45, 43, 44, 46, 52, 29, 47, 48, 50, 28, 49, 51, 57, 40, 55, 58, 66, 68, 67, 69, 72, 60, 73, 53, 56, 63, 65, 61, 54, 70, 62, 64, 71, 74, 75, 88, 59, 87, 78, 91
---------------------------------------------
Iteración 81
Nodos generados: 1, 2, 3, 4, 5, 6, 7, 8, 9, 10, 11, 12, 13, 14, 15, 16, 17, 18, 19, 20, 21, 22, 23, 24, 25, 26, 27, 28, 29, 30, 31, 32, 33, 34, 35, 36, 37, 38, 39, 40, 41, 42, 43, 44, 45, 46, 47, 48, 49, 50, 51, 52, 53, 54, 55, 56, 57, 58, 59, 60, 61, 62, 63, 64, 65, 66, 67, 68, 69, 70, 71, 72, 73, 74, 75, 76, 77, 78, 79, 80, 81, 82, 83, 84, 85, 86, 87, 88, 89, 90, 91, 92, 93, 94, 95, 96, 97, 98, 99, 100, 101, 102, 103
Nodos inspeccionados: 1, 4, 2, 8, 5, 6, 14, 7, 10, 11, 13, 12, 16, 15, 17, 22, 3, 19, 20, 27, 21, 24, 25, 35, 9, 23, 26, 31, 32, 30, 34, 33, 38, 18, 36, 37, 39, 41, 42, 45, 43, 44, 46, 52, 29, 47, 48, 50, 28, 49, 51, 57, 40, 55, 58, 66, 68, 67, 69, 72, 60, 73, 53, 56, 63, 65, 61, 54, 70, 62, 64, 71, 74, 75, 88, 59, 87, 78, 91, 76
---------------------------------------------
Iteración 82
Nodos generados: 1, 2, 3, 4, 5, 6, 7, 8, 9, 10, 11, 12, 13, 14, 15, 16, 17, 18, 19, 20, 21, 22, 23, 24, 25, 26, 27, 28, 29, 30, 31, 32, 33, 34, 35, 36, 37, 38, 39, 40, 41, 42, 43, 44, 45, 46, 47, 48, 49, 50, 51, 52, 53, 54, 55, 56, 57, 58, 59, 60, 61, 62, 63, 64, 65, 66, 67, 68, 69, 70, 71, 72, 73, 74, 75, 76, 77, 78, 79, 80, 81, 82, 83, 84, 85, 86, 87, 88, 89, 90, 91, 92, 93, 94, 95, 96, 97, 98, 99, 100, 101, 102, 103, 104, 105, 106
Nodos inspeccionados: 1, 4, 2, 8, 5, 6, 14, 7, 10, 11, 13, 12, 16, 15, 17, 22, 3, 19, 20, 27, 21, 24, 25, 35, 9, 23, 26, 31, 32, 30, 34, 33, 38, 18, 36, 37, 39, 41, 42, 45, 43, 44, 46, 52, 29, 47, 48, 50, 28, 49, 51, 57, 40, 55, 58, 66, 68, 67, 69, 72, 60, 73, 53, 56, 63, 65, 61, 54, 70, 62, 64, 71, 74, 75, 88, 59, 87, 78, 91, 76, 83
---------------------------------------------
Iteración 83
Nodos generados: 1, 2, 3, 4, 5, 6, 7, 8, 9, 10, 11, 12, 13, 14, 15, 16, 17, 18, 19, 20, 21, 22, 23, 24, 25, 26, 27, 28, 29, 30, 31, 32, 33, 34, 35, 36, 37, 38, 39, 40, 41, 42, 43, 44, 45, 46, 47, 48, 49, 50, 51, 52, 53, 54, 55, 56, 57, 58, 59, 60, 61, 62, 63, 64, 65, 66, 67, 68, 69, 70, 71, 72, 73, 74, 75, 76, 77, 78, 79, 80, 81, 82, 83, 84, 85, 86, 87, 88, 89, 90, 91, 92, 93, 94, 95, 96, 97, 98, 99, 100, 101, 102, 103, 104, 105, 106, 107
Nodos inspeccionados: 1, 4, 2, 8, 5, 6, 14, 7, 10, 11, 13, 12, 16, 15, 17, 22, 3, 19, 20, 27, 21, 24, 25, 35, 9, 23, 26, 31, 32, 30, 34, 33, 38, 18, 36, 37, 39, 41, 42, 45, 43, 44, 46, 52, 29, 47, 48, 50, 28, 49, 51, 57, 40, 55, 58, 66, 68, 67, 69, 72, 60, 73, 53, 56, 63, 65, 61, 54, 70, 62, 64, 71, 74, 75, 88, 59, 87, 78, 91, 76, 83, 93
---------------------------------------------
Iteración 84
Nodos generados: 1, 2, 3, 4, 5, 6, 7, 8, 9, 10, 11, 12, 13, 14, 15, 16, 17, 18, 19, 20, 21, 22, 23, 24, 25, 26, 27, 28, 29, 30, 31, 32, 33, 34, 35, 36, 37, 38, 39, 40, 41, 42, 43, 44, 45, 46, 47, 48, 49, 50, 51, 52, 53, 54, 55, 56, 57, 58, 59, 60, 61, 62, 63, 64, 65, 66, 67, 68, 69, 70, 71, 72, 73, 74, 75, 76, 77, 78, 79, 80, 81, 82, 83, 84, 85, 86, 87, 88, 89, 90, 91, 92, 93, 94, 95, 96, 97, 98, 99, 100, 101, 102, 103, 104, 105, 106, 107, 108, 109
Nodos inspeccionados: 1, 4, 2, 8, 5, 6, 14, 7, 10, 11, 13, 12, 16, 15, 17, 22, 3, 19, 20, 27, 21, 24, 25, 35, 9, 23, 26, 31, 32, 30, 34, 33, 38, 18, 36, 37, 39, 41, 42, 45, 43, 44, 46, 52, 29, 47, 48, 50, 28, 49, 51, 57, 40, 55, 58, 66, 68, 67, 69, 72, 60, 73, 53, 56, 63, 65, 61, 54, 70, 62, 64, 71, 74, 75, 88, 59, 87, 78, 91, 76, 83, 93, 79
---------------------------------------------
Iteración 85
Nodos generados: 1, 2, 3, 4, 5, 6, 7, 8, 9, 10, 11, 12, 13, 14, 15, 16, 17, 18, 19, 20, 21, 22, 23, 24, 25, 26, 27, 28, 29, 30, 31, 32, 33, 34, 35, 36, 37, 38, 39, 40, 41, 42, 43, 44, 45, 46, 47, 48, 49, 50, 51, 52, 53, 54, 55, 56, 57, 58, 59, 60, 61, 62, 63, 64, 65, 66, 67, 68, 69, 70, 71, 72, 73, 74, 75, 76, 77, 78, 79, 80, 81, 82, 83, 84, 85, 86, 87, 88, 89, 90, 91, 92, 93, 94, 95, 96, 97, 98, 99, 100, 101, 102, 103, 104, 105, 106, 107, 108, 109, 110
Nodos inspeccionados: 1, 4, 2, 8, 5, 6, 14, 7, 10, 11, 13, 12, 16, 15, 17, 22, 3, 19, 20, 27, 21, 24, 25, 35, 9, 23, 26, 31, 32, 30, 34, 33, 38, 18, 36, 37, 39, 41, 42, 45, 43, 44, 46, 52, 29, 47, 48, 50, 28, 49, 51, 57, 40, 55, 58, 66, 68, 67, 69, 72, 60, 73, 53, 56, 63, 65, 61, 54, 70, 62, 64, 71, 74, 75, 88, 59, 87, 78, 91, 76, 83, 93, 79, 77
---------------------------------------------
Iteración 86
Nodos generados: 1, 2, 3, 4, 5, 6, 7, 8, 9, 10, 11, 12, 13, 14, 15, 16, 17, 18, 19, 20, 21, 22, 23, 24, 25, 26, 27, 28, 29, 30, 31, 32, 33, 34, 35, 36, 37, 38, 39, 40, 41, 42, 43, 44, 45, 46, 47, 48, 49, 50, 51, 52, 53, 54, 55, 56, 57, 58, 59, 60, 61, 62, 63, 64, 65, 66, 67, 68, 69, 70, 71, 72, 73, 74, 75, 76, 77, 78, 79, 80, 81, 82, 83, 84, 85, 86, 87, 88, 89, 90, 91, 92, 93, 94, 95, 96, 97, 98, 99, 100, 101, 102, 103, 104, 105, 106, 107, 108, 109, 110
Nodos inspeccionados: 1, 4, 2, 8, 5, 6, 14, 7, 10, 11, 13, 12, 16, 15, 17, 22, 3, 19, 20, 27, 21, 24, 25, 35, 9, 23, 26, 31, 32, 30, 34, 33, 38, 18, 36, 37, 39, 41, 42, 45, 43, 44, 46, 52, 29, 47, 48, 50, 28, 49, 51, 57, 40, 55, 58, 66, 68, 67, 69, 72, 60, 73, 53, 56, 63, 65, 61, 54, 70, 62, 64, 71, 74, 75, 88, 59, 87, 78, 91, 76, 83, 93, 79, 77, 82
---------------------------------------------
Iteración 87
Nodos generados: 1, 2, 3, 4, 5, 6, 7, 8, 9, 10, 11, 12, 13, 14, 15, 16, 17, 18, 19, 20, 21, 22, 23, 24, 25, 26, 27, 28, 29, 30, 31, 32, 33, 34, 35, 36, 37, 38, 39, 40, 41, 42, 43, 44, 45, 46, 47, 48, 49, 50, 51, 52, 53, 54, 55, 56, 57, 58, 59, 60, 61, 62, 63, 64, 65, 66, 67, 68, 69, 70, 71, 72, 73, 74, 75, 76, 77, 78, 79, 80, 81, 82, 83, 84, 85, 86, 87, 88, 89, 90, 91, 92, 93, 94, 95, 96, 97, 98, 99, 100, 101, 102, 103, 104, 105, 106, 107, 108, 109, 110, 111
Nodos inspeccionados: 1, 4, 2, 8, 5, 6, 14, 7, 10, 11, 13, 12, 16, 15, 17, 22, 3, 19, 20, 27, 21, 24, 25, 35, 9, 23, 26, 31, 32, 30, 34, 33, 38, 18, 36, 37, 39, 41, 42, 45, 43, 44, 46, 52, 29, 47, 48, 50, 28, 49, 51, 57, 40, 55, 58, 66, 68, 67, 69, 72, 60, 73, 53, 56, 63, 65, 61, 54, 70, 62, 64, 71, 74, 75, 88, 59, 87, 78, 91, 76, 83, 93, 79, 77, 82, 85
---------------------------------------------
Iteración 88
Nodos generados: 1, 2, 3, 4, 5, 6, 7, 8, 9, 10, 11, 12, 13, 14, 15, 16, 17, 18, 19, 20, 21, 22, 23, 24, 25, 26, 27, 28, 29, 30, 31, 32, 33, 34, 35, 36, 37, 38, 39, 40, 41, 42, 43, 44, 45, 46, 47, 48, 49, 50, 51, 52, 53, 54, 55, 56, 57, 58, 59, 60, 61, 62, 63, 64, 65, 66, 67, 68, 69, 70, 71, 72, 73, 74, 75, 76, 77, 78, 79, 80, 81, 82, 83, 84, 85, 86, 87, 88, 89, 90, 91, 92, 93, 94, 95, 96, 97, 98, 99, 100, 101, 102, 103, 104, 105, 106, 107, 108, 109, 110, 111, 112
Nodos inspeccionados: 1, 4, 2, 8, 5, 6, 14, 7, 10, 11, 13, 12, 16, 15, 17, 22, 3, 19, 20, 27, 21, 24, 25, 35, 9, 23, 26, 31, 32, 30, 34, 33, 38, 18, 36, 37, 39, 41, 42, 45, 43, 44, 46, 52, 29, 47, 48, 50, 28, 49, 51, 57, 40, 55, 58, 66, 68, 67, 69, 72, 60, 73, 53, 56, 63, 65, 61, 54, 70, 62, 64, 71, 74, 75, 88, 59, 87, 78, 91, 76, 83, 93, 79, 77, 82, 85, 100
---------------------------------------------
Iteración 89
Nodos generados: 1, 2, 3, 4, 5, 6, 7, 8, 9, 10, 11, 12, 13, 14, 15, 16, 17, 18, 19, 20, 21, 22, 23, 24, 25, 26, 27, 28, 29, 30, 31, 32, 33, 34, 35, 36, 37, 38, 39, 40, 41, 42, 43, 44, 45, 46, 47, 48, 49, 50, 51, 52, 53, 54, 55, 56, 57, 58, 59, 60, 61, 62, 63, 64, 65, 66, 67, 68, 69, 70, 71, 72, 73, 74, 75, 76, 77, 78, 79, 80, 81, 82, 83, 84, 85, 86, 87, 88, 89, 90, 91, 92, 93, 94, 95, 96, 97, 98, 99, 100, 101, 102, 103, 104, 105, 106, 107, 108, 109, 110, 111, 112, 113
Nodos inspeccionados: 1, 4, 2, 8, 5, 6, 14, 7, 10, 11, 13, 12, 16, 15, 17, 22, 3, 19, 20, 27, 21, 24, 25, 35, 9, 23, 26, 31, 32, 30, 34, 33, 38, 18, 36, 37, 39, 41, 42, 45, 43, 44, 46, 52, 29, 47, 48, 50, 28, 49, 51, 57, 40, 55, 58, 66, 68, 67, 69, 72, 60, 73, 53, 56, 63, 65, 61, 54, 70, 62, 64, 71, 74, 75, 88, 59, 87, 78, 91, 76, 83, 93, 79, 77, 82, 85, 100, 80
---------------------------------------------
Iteración 90
Nodos generados: 1, 2, 3, 4, 5, 6, 7, 8, 9, 10, 11, 12, 13, 14, 15, 16, 17, 18, 19, 20, 21, 22, 23, 24, 25, 26, 27, 28, 29, 30, 31, 32, 33, 34, 35, 36, 37, 38, 39, 40, 41, 42, 43, 44, 45, 46, 47, 48, 49, 50, 51, 52, 53, 54, 55, 56, 57, 58, 59, 60, 61, 62, 63, 64, 65, 66, 67, 68, 69, 70, 71, 72, 73, 74, 75, 76, 77, 78, 79, 80, 81, 82, 83, 84, 85, 86, 87, 88, 89, 90, 91, 92, 93, 94, 95, 96, 97, 98, 99, 100, 101, 102, 103, 104, 105, 106, 107, 108, 109, 110, 111, 112, 113
Nodos inspeccionados: 1, 4, 2, 8, 5, 6, 14, 7, 10, 11, 13, 12, 16, 15, 17, 22, 3, 19, 20, 27, 21, 24, 25, 35, 9, 23, 26, 31, 32, 30, 34, 33, 38, 18, 36, 37, 39, 41, 42, 45, 43, 44, 46, 52, 29, 47, 48, 50, 28, 49, 51, 57, 40, 55, 58, 66, 68, 67, 69, 72, 60, 73, 53, 56, 63, 65, 61, 54, 70, 62, 64, 71, 74, 75, 88, 59, 87, 78, 91, 76, 83, 93, 79, 77, 82, 85, 100, 80, 86
---------------------------------------------
Iteración 91
Nodos generados: 1, 2, 3, 4, 5, 6, 7, 8, 9, 10, 11, 12, 13, 14, 15, 16, 17, 18, 19, 20, 21, 22, 23, 24, 25, 26, 27, 28, 29, 30, 31, 32, 33, 34, 35, 36, 37, 38, 39, 40, 41, 42, 43, 44, 45, 46, 47, 48, 49, 50, 51, 52, 53, 54, 55, 56, 57, 58, 59, 60, 61, 62, 63, 64, 65, 66, 67, 68, 69, 70, 71, 72, 73, 74, 75, 76, 77, 78, 79, 80, 81, 82, 83, 84, 85, 86, 87, 88, 89, 90, 91, 92, 93, 94, 95, 96, 97, 98, 99, 100, 101, 102, 103, 104, 105, 106, 107, 108, 109, 110, 111, 112, 113
Nodos inspeccionados: 1, 4, 2, 8, 5, 6, 14, 7, 10, 11, 13, 12, 16, 15, 17, 22, 3, 19, 20, 27, 21, 24, 25, 35, 9, 23, 26, 31, 32, 30, 34, 33, 38, 18, 36, 37, 39, 41, 42, 45, 43, 44, 46, 52, 29, 47, 48, 50, 28, 49, 51, 57, 40, 55, 58, 66, 68, 67, 69, 72, 60, 73, 53, 56, 63, 65, 61, 54, 70, 62, 64, 71, 74, 75, 88, 59, 87, 78, 91, 76, 83, 93, 79, 77, 82, 85, 100, 80, 86, 102
---------------------------------------------
Iteración 92
Nodos generados: 1, 2, 3, 4, 5, 6, 7, 8, 9, 10, 11, 12, 13, 14, 15, 16, 17, 18, 19, 20, 21, 22, 23, 24, 25, 26, 27, 28, 29, 30, 31, 32, 33, 34, 35, 36, 37, 38, 39, 40, 41, 42, 43, 44, 45, 46, 47, 48, 49, 50, 51, 52, 53, 54, 55, 56, 57, 58, 59, 60, 61, 62, 63, 64, 65, 66, 67, 68, 69, 70, 71, 72, 73, 74, 75, 76, 77, 78, 79, 80, 81, 82, 83, 84, 85, 86, 87, 88, 89, 90, 91, 92, 93, 94, 95, 96, 97, 98, 99, 100, 101, 102, 103, 104, 105, 106, 107, 108, 109, 110, 111, 112, 113
Nodos inspeccionados: 1, 4, 2, 8, 5, 6, 14, 7, 10, 11, 13, 12, 16, 15, 17, 22, 3, 19, 20, 27, 21, 24, 25, 35, 9, 23, 26, 31, 32, 30, 34, 33, 38, 18, 36, 37, 39, 41, 42, 45, 43, 44, 46, 52, 29, 47, 48, 50, 28, 49, 51, 57, 40, 55, 58, 66, 68, 67, 69, 72, 60, 73, 53, 56, 63, 65, 61, 54, 70, 62, 64, 71, 74, 75, 88, 59, 87, 78, 91, 76, 83, 93, 79, 77, 82, 85, 100, 80, 86, 102, 84
---------------------------------------------
Iteración 93
Nodos generados: 1, 2, 3, 4, 5, 6, 7, 8, 9, 10, 11, 12, 13, 14, 15, 16, 17, 18, 19, 20, 21, 22, 23, 24, 25, 26, 27, 28, 29, 30, 31, 32, 33, 34, 35, 36, 37, 38, 39, 40, 41, 42, 43, 44, 45, 46, 47, 48, 49, 50, 51, 52, 53, 54, 55, 56, 57, 58, 59, 60, 61, 62, 63, 64, 65, 66, 67, 68, 69, 70, 71, 72, 73, 74, 75, 76, 77, 78, 79, 80, 81, 82, 83, 84, 85, 86, 87, 88, 89, 90, 91, 92, 93, 94, 95, 96, 97, 98, 99, 100, 101, 102, 103, 104, 105, 106, 107, 108, 109, 110, 111, 112, 113, 114
Nodos inspeccionados: 1, 4, 2, 8, 5, 6, 14, 7, 10, 11, 13, 12, 16, 15, 17, 22, 3, 19, 20, 27, 21, 24, 25, 35, 9, 23, 26, 31, 32, 30, 34, 33, 38, 18, 36, 37, 39, 41, 42, 45, 43, 44, 46, 52, 29, 47, 48, 50, 28, 49, 51, 57, 40, 55, 58, 66, 68, 67, 69, 72, 60, 73, 53, 56, 63, 65, 61, 54, 70, 62, 64, 71, 74, 75, 88, 59, 87, 78, 91, 76, 83, 93, 79, 77, 82, 85, 100, 80, 86, 102, 84, 89
---------------------------------------------

