-----------------------------------------------------------------------------------------------------------------------------------------------------------
Instancia      n    m    S   E                  Camino         Coste  Número de nodos generados   Número de nodos inspeccionados
-----------------------------------------------------------------------------------------------------------------------------------------------------------
    Modificacion2    14   18  (13, 11)  (0, 15)  1 3 23 27 29 32 35 38 41 44 48 53 55 58 63 68 72 76 80 83 93 112 125 132 136 137 138 140   155        140                          117
■ ■ ■ ■ ■ ■ ■ ■ ■ ■ ■ ■ ■ ■ ■ E ■ ■ 
■     ■             * * * * *     ■ 
■                 * ■ ■ ■ ■ ■ ■   ■ 
■         ■       * ■         ■   ■ 
■         ■       * ■         ■   ■ 
■         ■ ■ ■ ■ * ■         ■   ■ 
■               *             ■   ■ 
■             *                   ■ 
■   * * * * *                     ■ 
  * ■ ■ ■ ■ ■ ■ ■ ■ ■ ■ ■ ■ ■ ■ ■ ■ 
■   * * * * * * *                 ■ 
■                 *               ■ 
■                   *             ■ 
■ ■ ■ ■ ■ ■ ■ ■ ■ ■ ■ S ■ ■ ■ ■ ■ ■ 
Iteración 1
Nodos generados: 1
Nodos inspeccionados: -
---------------------------------------------
Iteración 2
Nodos generados: 1, 2, 3, 4
Nodos inspeccionados: 1
---------------------------------------------
Iteración 3
Nodos generados: 1, 2, 3, 4, 5, 6, 7
Nodos inspeccionados: 1, 2
---------------------------------------------
Iteración 4
Nodos generados: 1, 2, 3, 4, 5, 6, 7, 8, 9
Nodos inspeccionados: 1, 2, 4
---------------------------------------------
Iteración 5
Nodos generados: 1, 2, 3, 4, 5, 6, 7, 8, 9, 10, 11, 12
Nodos inspeccionados: 1, 2, 4, 5
---------------------------------------------
Iteración 6
Nodos generados: 1, 2, 3, 4, 5, 6, 7, 8, 9, 10, 11, 12, 13
Nodos inspeccionados: 1, 2, 4, 5, 7
---------------------------------------------
Iteración 7
Nodos generados: 1, 2, 3, 4, 5, 6, 7, 8, 9, 10, 11, 12, 13, 14, 15, 16
Nodos inspeccionados: 1, 2, 4, 5, 7, 9
---------------------------------------------
Iteración 8
Nodos generados: 1, 2, 3, 4, 5, 6, 7, 8, 9, 10, 11, 12, 13, 14, 15, 16
Nodos inspeccionados: 1, 2, 4, 5, 7, 9, 10
---------------------------------------------
Iteración 9
Nodos generados: 1, 2, 3, 4, 5, 6, 7, 8, 9, 10, 11, 12, 13, 14, 15, 16
Nodos inspeccionados: 1, 2, 4, 5, 7, 9, 10, 12
---------------------------------------------
Iteración 10
Nodos generados: 1, 2, 3, 4, 5, 6, 7, 8, 9, 10, 11, 12, 13, 14, 15, 16
Nodos inspeccionados: 1, 2, 4, 5, 7, 9, 10, 12, 13
---------------------------------------------
Iteración 11
Nodos generados: 1, 2, 3, 4, 5, 6, 7, 8, 9, 10, 11, 12, 13, 14, 15, 16, 17, 18
Nodos inspeccionados: 1, 2, 4, 5, 7, 9, 10, 12, 13, 15
---------------------------------------------
Iteración 12
Nodos generados: 1, 2, 3, 4, 5, 6, 7, 8, 9, 10, 11, 12, 13, 14, 15, 16, 17, 18
Nodos inspeccionados: 1, 2, 4, 5, 7, 9, 10, 12, 13, 15, 8
---------------------------------------------
Iteración 13
Nodos generados: 1, 2, 3, 4, 5, 6, 7, 8, 9, 10, 11, 12, 13, 14, 15, 16, 17, 18, 19
Nodos inspeccionados: 1, 2, 4, 5, 7, 9, 10, 12, 13, 15, 8, 14
---------------------------------------------
Iteración 14
Nodos generados: 1, 2, 3, 4, 5, 6, 7, 8, 9, 10, 11, 12, 13, 14, 15, 16, 17, 18, 19, 20, 21
Nodos inspeccionados: 1, 2, 4, 5, 7, 9, 10, 12, 13, 15, 8, 14, 17
---------------------------------------------
Iteración 15
Nodos generados: 1, 2, 3, 4, 5, 6, 7, 8, 9, 10, 11, 12, 13, 14, 15, 16, 17, 18, 19, 20, 21, 22, 23
Nodos inspeccionados: 1, 2, 4, 5, 7, 9, 10, 12, 13, 15, 8, 14, 17, 3
---------------------------------------------
Iteración 16
Nodos generados: 1, 2, 3, 4, 5, 6, 7, 8, 9, 10, 11, 12, 13, 14, 15, 16, 17, 18, 19, 20, 21, 22, 23, 24
Nodos inspeccionados: 1, 2, 4, 5, 7, 9, 10, 12, 13, 15, 8, 14, 17, 3, 6
---------------------------------------------
Iteración 17
Nodos generados: 1, 2, 3, 4, 5, 6, 7, 8, 9, 10, 11, 12, 13, 14, 15, 16, 17, 18, 19, 20, 21, 22, 23, 24
Nodos inspeccionados: 1, 2, 4, 5, 7, 9, 10, 12, 13, 15, 8, 14, 17, 3, 6, 11
---------------------------------------------
Iteración 18
Nodos generados: 1, 2, 3, 4, 5, 6, 7, 8, 9, 10, 11, 12, 13, 14, 15, 16, 17, 18, 19, 20, 21, 22, 23, 24
Nodos inspeccionados: 1, 2, 4, 5, 7, 9, 10, 12, 13, 15, 8, 14, 17, 3, 6, 11, 16
---------------------------------------------
Iteración 19
Nodos generados: 1, 2, 3, 4, 5, 6, 7, 8, 9, 10, 11, 12, 13, 14, 15, 16, 17, 18, 19, 20, 21, 22, 23, 24, 25
Nodos inspeccionados: 1, 2, 4, 5, 7, 9, 10, 12, 13, 15, 8, 14, 17, 3, 6, 11, 16, 18
---------------------------------------------
Iteración 20
Nodos generados: 1, 2, 3, 4, 5, 6, 7, 8, 9, 10, 11, 12, 13, 14, 15, 16, 17, 18, 19, 20, 21, 22, 23, 24, 25, 26, 27, 28
Nodos inspeccionados: 1, 2, 4, 5, 7, 9, 10, 12, 13, 15, 8, 14, 17, 3, 6, 11, 16, 18, 23
---------------------------------------------
Iteración 21
Nodos generados: 1, 2, 3, 4, 5, 6, 7, 8, 9, 10, 11, 12, 13, 14, 15, 16, 17, 18, 19, 20, 21, 22, 23, 24, 25, 26, 27, 28
Nodos inspeccionados: 1, 2, 4, 5, 7, 9, 10, 12, 13, 15, 8, 14, 17, 3, 6, 11, 16, 18, 23, 24
---------------------------------------------
Iteración 22
Nodos generados: 1, 2, 3, 4, 5, 6, 7, 8, 9, 10, 11, 12, 13, 14, 15, 16, 17, 18, 19, 20, 21, 22, 23, 24, 25, 26, 27, 28
Nodos inspeccionados: 1, 2, 4, 5, 7, 9, 10, 12, 13, 15, 8, 14, 17, 3, 6, 11, 16, 18, 23, 24, 19
---------------------------------------------
Iteración 23
Nodos generados: 1, 2, 3, 4, 5, 6, 7, 8, 9, 10, 11, 12, 13, 14, 15, 16, 17, 18, 19, 20, 21, 22, 23, 24, 25, 26, 27, 28
Nodos inspeccionados: 1, 2, 4, 5, 7, 9, 10, 12, 13, 15, 8, 14, 17, 3, 6, 11, 16, 18, 23, 24, 19, 20
---------------------------------------------
Iteración 24
Nodos generados: 1, 2, 3, 4, 5, 6, 7, 8, 9, 10, 11, 12, 13, 14, 15, 16, 17, 18, 19, 20, 21, 22, 23, 24, 25, 26, 27, 28
Nodos inspeccionados: 1, 2, 4, 5, 7, 9, 10, 12, 13, 15, 8, 14, 17, 3, 6, 11, 16, 18, 23, 24, 19, 20, 22
---------------------------------------------
Iteración 25
Nodos generados: 1, 2, 3, 4, 5, 6, 7, 8, 9, 10, 11, 12, 13, 14, 15, 16, 17, 18, 19, 20, 21, 22, 23, 24, 25, 26, 27, 28, 29, 30
Nodos inspeccionados: 1, 2, 4, 5, 7, 9, 10, 12, 13, 15, 8, 14, 17, 3, 6, 11, 16, 18, 23, 24, 19, 20, 22, 27
---------------------------------------------
Iteración 26
Nodos generados: 1, 2, 3, 4, 5, 6, 7, 8, 9, 10, 11, 12, 13, 14, 15, 16, 17, 18, 19, 20, 21, 22, 23, 24, 25, 26, 27, 28, 29, 30
Nodos inspeccionados: 1, 2, 4, 5, 7, 9, 10, 12, 13, 15, 8, 14, 17, 3, 6, 11, 16, 18, 23, 24, 19, 20, 22, 27, 21
---------------------------------------------
Iteración 27
Nodos generados: 1, 2, 3, 4, 5, 6, 7, 8, 9, 10, 11, 12, 13, 14, 15, 16, 17, 18, 19, 20, 21, 22, 23, 24, 25, 26, 27, 28, 29, 30, 31
Nodos inspeccionados: 1, 2, 4, 5, 7, 9, 10, 12, 13, 15, 8, 14, 17, 3, 6, 11, 16, 18, 23, 24, 19, 20, 22, 27, 21, 26
---------------------------------------------
Iteración 28
Nodos generados: 1, 2, 3, 4, 5, 6, 7, 8, 9, 10, 11, 12, 13, 14, 15, 16, 17, 18, 19, 20, 21, 22, 23, 24, 25, 26, 27, 28, 29, 30, 31
Nodos inspeccionados: 1, 2, 4, 5, 7, 9, 10, 12, 13, 15, 8, 14, 17, 3, 6, 11, 16, 18, 23, 24, 19, 20, 22, 27, 21, 26, 25
---------------------------------------------
Iteración 29
Nodos generados: 1, 2, 3, 4, 5, 6, 7, 8, 9, 10, 11, 12, 13, 14, 15, 16, 17, 18, 19, 20, 21, 22, 23, 24, 25, 26, 27, 28, 29, 30, 31
Nodos inspeccionados: 1, 2, 4, 5, 7, 9, 10, 12, 13, 15, 8, 14, 17, 3, 6, 11, 16, 18, 23, 24, 19, 20, 22, 27, 21, 26, 25, 28
---------------------------------------------
Iteración 30
Nodos generados: 1, 2, 3, 4, 5, 6, 7, 8, 9, 10, 11, 12, 13, 14, 15, 16, 17, 18, 19, 20, 21, 22, 23, 24, 25, 26, 27, 28, 29, 30, 31, 32, 33
Nodos inspeccionados: 1, 2, 4, 5, 7, 9, 10, 12, 13, 15, 8, 14, 17, 3, 6, 11, 16, 18, 23, 24, 19, 20, 22, 27, 21, 26, 25, 28, 29
---------------------------------------------
Iteración 31
Nodos generados: 1, 2, 3, 4, 5, 6, 7, 8, 9, 10, 11, 12, 13, 14, 15, 16, 17, 18, 19, 20, 21, 22, 23, 24, 25, 26, 27, 28, 29, 30, 31, 32, 33, 34
Nodos inspeccionados: 1, 2, 4, 5, 7, 9, 10, 12, 13, 15, 8, 14, 17, 3, 6, 11, 16, 18, 23, 24, 19, 20, 22, 27, 21, 26, 25, 28, 29, 30
---------------------------------------------
Iteración 32
Nodos generados: 1, 2, 3, 4, 5, 6, 7, 8, 9, 10, 11, 12, 13, 14, 15, 16, 17, 18, 19, 20, 21, 22, 23, 24, 25, 26, 27, 28, 29, 30, 31, 32, 33, 34
Nodos inspeccionados: 1, 2, 4, 5, 7, 9, 10, 12, 13, 15, 8, 14, 17, 3, 6, 11, 16, 18, 23, 24, 19, 20, 22, 27, 21, 26, 25, 28, 29, 30, 31
---------------------------------------------
Iteración 33
Nodos generados: 1, 2, 3, 4, 5, 6, 7, 8, 9, 10, 11, 12, 13, 14, 15, 16, 17, 18, 19, 20, 21, 22, 23, 24, 25, 26, 27, 28, 29, 30, 31, 32, 33, 34, 35, 36
Nodos inspeccionados: 1, 2, 4, 5, 7, 9, 10, 12, 13, 15, 8, 14, 17, 3, 6, 11, 16, 18, 23, 24, 19, 20, 22, 27, 21, 26, 25, 28, 29, 30, 31, 32
---------------------------------------------
Iteración 34
Nodos generados: 1, 2, 3, 4, 5, 6, 7, 8, 9, 10, 11, 12, 13, 14, 15, 16, 17, 18, 19, 20, 21, 22, 23, 24, 25, 26, 27, 28, 29, 30, 31, 32, 33, 34, 35, 36, 37
Nodos inspeccionados: 1, 2, 4, 5, 7, 9, 10, 12, 13, 15, 8, 14, 17, 3, 6, 11, 16, 18, 23, 24, 19, 20, 22, 27, 21, 26, 25, 28, 29, 30, 31, 32, 33
---------------------------------------------
Iteración 35
Nodos generados: 1, 2, 3, 4, 5, 6, 7, 8, 9, 10, 11, 12, 13, 14, 15, 16, 17, 18, 19, 20, 21, 22, 23, 24, 25, 26, 27, 28, 29, 30, 31, 32, 33, 34, 35, 36, 37
Nodos inspeccionados: 1, 2, 4, 5, 7, 9, 10, 12, 13, 15, 8, 14, 17, 3, 6, 11, 16, 18, 23, 24, 19, 20, 22, 27, 21, 26, 25, 28, 29, 30, 31, 32, 33, 34
---------------------------------------------
Iteración 36
Nodos generados: 1, 2, 3, 4, 5, 6, 7, 8, 9, 10, 11, 12, 13, 14, 15, 16, 17, 18, 19, 20, 21, 22, 23, 24, 25, 26, 27, 28, 29, 30, 31, 32, 33, 34, 35, 36, 37, 38, 39
Nodos inspeccionados: 1, 2, 4, 5, 7, 9, 10, 12, 13, 15, 8, 14, 17, 3, 6, 11, 16, 18, 23, 24, 19, 20, 22, 27, 21, 26, 25, 28, 29, 30, 31, 32, 33, 34, 35
---------------------------------------------
Iteración 37
Nodos generados: 1, 2, 3, 4, 5, 6, 7, 8, 9, 10, 11, 12, 13, 14, 15, 16, 17, 18, 19, 20, 21, 22, 23, 24, 25, 26, 27, 28, 29, 30, 31, 32, 33, 34, 35, 36, 37, 38, 39, 40
Nodos inspeccionados: 1, 2, 4, 5, 7, 9, 10, 12, 13, 15, 8, 14, 17, 3, 6, 11, 16, 18, 23, 24, 19, 20, 22, 27, 21, 26, 25, 28, 29, 30, 31, 32, 33, 34, 35, 36
---------------------------------------------
Iteración 38
Nodos generados: 1, 2, 3, 4, 5, 6, 7, 8, 9, 10, 11, 12, 13, 14, 15, 16, 17, 18, 19, 20, 21, 22, 23, 24, 25, 26, 27, 28, 29, 30, 31, 32, 33, 34, 35, 36, 37, 38, 39, 40
Nodos inspeccionados: 1, 2, 4, 5, 7, 9, 10, 12, 13, 15, 8, 14, 17, 3, 6, 11, 16, 18, 23, 24, 19, 20, 22, 27, 21, 26, 25, 28, 29, 30, 31, 32, 33, 34, 35, 36, 37
---------------------------------------------
Iteración 39
Nodos generados: 1, 2, 3, 4, 5, 6, 7, 8, 9, 10, 11, 12, 13, 14, 15, 16, 17, 18, 19, 20, 21, 22, 23, 24, 25, 26, 27, 28, 29, 30, 31, 32, 33, 34, 35, 36, 37, 38, 39, 40, 41, 42
Nodos inspeccionados: 1, 2, 4, 5, 7, 9, 10, 12, 13, 15, 8, 14, 17, 3, 6, 11, 16, 18, 23, 24, 19, 20, 22, 27, 21, 26, 25, 28, 29, 30, 31, 32, 33, 34, 35, 36, 37, 38
---------------------------------------------
Iteración 40
Nodos generados: 1, 2, 3, 4, 5, 6, 7, 8, 9, 10, 11, 12, 13, 14, 15, 16, 17, 18, 19, 20, 21, 22, 23, 24, 25, 26, 27, 28, 29, 30, 31, 32, 33, 34, 35, 36, 37, 38, 39, 40, 41, 42, 43
Nodos inspeccionados: 1, 2, 4, 5, 7, 9, 10, 12, 13, 15, 8, 14, 17, 3, 6, 11, 16, 18, 23, 24, 19, 20, 22, 27, 21, 26, 25, 28, 29, 30, 31, 32, 33, 34, 35, 36, 37, 38, 39
---------------------------------------------
Iteración 41
Nodos generados: 1, 2, 3, 4, 5, 6, 7, 8, 9, 10, 11, 12, 13, 14, 15, 16, 17, 18, 19, 20, 21, 22, 23, 24, 25, 26, 27, 28, 29, 30, 31, 32, 33, 34, 35, 36, 37, 38, 39, 40, 41, 42, 43
Nodos inspeccionados: 1, 2, 4, 5, 7, 9, 10, 12, 13, 15, 8, 14, 17, 3, 6, 11, 16, 18, 23, 24, 19, 20, 22, 27, 21, 26, 25, 28, 29, 30, 31, 32, 33, 34, 35, 36, 37, 38, 39, 40
---------------------------------------------
Iteración 42
Nodos generados: 1, 2, 3, 4, 5, 6, 7, 8, 9, 10, 11, 12, 13, 14, 15, 16, 17, 18, 19, 20, 21, 22, 23, 24, 25, 26, 27, 28, 29, 30, 31, 32, 33, 34, 35, 36, 37, 38, 39, 40, 41, 42, 43, 44, 45
Nodos inspeccionados: 1, 2, 4, 5, 7, 9, 10, 12, 13, 15, 8, 14, 17, 3, 6, 11, 16, 18, 23, 24, 19, 20, 22, 27, 21, 26, 25, 28, 29, 30, 31, 32, 33, 34, 35, 36, 37, 38, 39, 40, 41
---------------------------------------------
Iteración 43
Nodos generados: 1, 2, 3, 4, 5, 6, 7, 8, 9, 10, 11, 12, 13, 14, 15, 16, 17, 18, 19, 20, 21, 22, 23, 24, 25, 26, 27, 28, 29, 30, 31, 32, 33, 34, 35, 36, 37, 38, 39, 40, 41, 42, 43, 44, 45, 46
Nodos inspeccionados: 1, 2, 4, 5, 7, 9, 10, 12, 13, 15, 8, 14, 17, 3, 6, 11, 16, 18, 23, 24, 19, 20, 22, 27, 21, 26, 25, 28, 29, 30, 31, 32, 33, 34, 35, 36, 37, 38, 39, 40, 41, 42
---------------------------------------------
Iteración 44
Nodos generados: 1, 2, 3, 4, 5, 6, 7, 8, 9, 10, 11, 12, 13, 14, 15, 16, 17, 18, 19, 20, 21, 22, 23, 24, 25, 26, 27, 28, 29, 30, 31, 32, 33, 34, 35, 36, 37, 38, 39, 40, 41, 42, 43, 44, 45, 46
Nodos inspeccionados: 1, 2, 4, 5, 7, 9, 10, 12, 13, 15, 8, 14, 17, 3, 6, 11, 16, 18, 23, 24, 19, 20, 22, 27, 21, 26, 25, 28, 29, 30, 31, 32, 33, 34, 35, 36, 37, 38, 39, 40, 41, 42, 43
---------------------------------------------
Iteración 45
Nodos generados: 1, 2, 3, 4, 5, 6, 7, 8, 9, 10, 11, 12, 13, 14, 15, 16, 17, 18, 19, 20, 21, 22, 23, 24, 25, 26, 27, 28, 29, 30, 31, 32, 33, 34, 35, 36, 37, 38, 39, 40, 41, 42, 43, 44, 45, 46, 47, 48, 49
Nodos inspeccionados: 1, 2, 4, 5, 7, 9, 10, 12, 13, 15, 8, 14, 17, 3, 6, 11, 16, 18, 23, 24, 19, 20, 22, 27, 21, 26, 25, 28, 29, 30, 31, 32, 33, 34, 35, 36, 37, 38, 39, 40, 41, 42, 43, 44
---------------------------------------------
Iteración 46
Nodos generados: 1, 2, 3, 4, 5, 6, 7, 8, 9, 10, 11, 12, 13, 14, 15, 16, 17, 18, 19, 20, 21, 22, 23, 24, 25, 26, 27, 28, 29, 30, 31, 32, 33, 34, 35, 36, 37, 38, 39, 40, 41, 42, 43, 44, 45, 46, 47, 48, 49, 50
Nodos inspeccionados: 1, 2, 4, 5, 7, 9, 10, 12, 13, 15, 8, 14, 17, 3, 6, 11, 16, 18, 23, 24, 19, 20, 22, 27, 21, 26, 25, 28, 29, 30, 31, 32, 33, 34, 35, 36, 37, 38, 39, 40, 41, 42, 43, 44, 45
---------------------------------------------
Iteración 47
Nodos generados: 1, 2, 3, 4, 5, 6, 7, 8, 9, 10, 11, 12, 13, 14, 15, 16, 17, 18, 19, 20, 21, 22, 23, 24, 25, 26, 27, 28, 29, 30, 31, 32, 33, 34, 35, 36, 37, 38, 39, 40, 41, 42, 43, 44, 45, 46, 47, 48, 49, 50
Nodos inspeccionados: 1, 2, 4, 5, 7, 9, 10, 12, 13, 15, 8, 14, 17, 3, 6, 11, 16, 18, 23, 24, 19, 20, 22, 27, 21, 26, 25, 28, 29, 30, 31, 32, 33, 34, 35, 36, 37, 38, 39, 40, 41, 42, 43, 44, 45, 46
---------------------------------------------
Iteración 48
Nodos generados: 1, 2, 3, 4, 5, 6, 7, 8, 9, 10, 11, 12, 13, 14, 15, 16, 17, 18, 19, 20, 21, 22, 23, 24, 25, 26, 27, 28, 29, 30, 31, 32, 33, 34, 35, 36, 37, 38, 39, 40, 41, 42, 43, 44, 45, 46, 47, 48, 49, 50, 51
Nodos inspeccionados: 1, 2, 4, 5, 7, 9, 10, 12, 13, 15, 8, 14, 17, 3, 6, 11, 16, 18, 23, 24, 19, 20, 22, 27, 21, 26, 25, 28, 29, 30, 31, 32, 33, 34, 35, 36, 37, 38, 39, 40, 41, 42, 43, 44, 45, 46, 47
---------------------------------------------
Iteración 49
Nodos generados: 1, 2, 3, 4, 5, 6, 7, 8, 9, 10, 11, 12, 13, 14, 15, 16, 17, 18, 19, 20, 21, 22, 23, 24, 25, 26, 27, 28, 29, 30, 31, 32, 33, 34, 35, 36, 37, 38, 39, 40, 41, 42, 43, 44, 45, 46, 47, 48, 49, 50, 51, 52, 53
Nodos inspeccionados: 1, 2, 4, 5, 7, 9, 10, 12, 13, 15, 8, 14, 17, 3, 6, 11, 16, 18, 23, 24, 19, 20, 22, 27, 21, 26, 25, 28, 29, 30, 31, 32, 33, 34, 35, 36, 37, 38, 39, 40, 41, 42, 43, 44, 45, 46, 47, 48
---------------------------------------------
Iteración 50
Nodos generados: 1, 2, 3, 4, 5, 6, 7, 8, 9, 10, 11, 12, 13, 14, 15, 16, 17, 18, 19, 20, 21, 22, 23, 24, 25, 26, 27, 28, 29, 30, 31, 32, 33, 34, 35, 36, 37, 38, 39, 40, 41, 42, 43, 44, 45, 46, 47, 48, 49, 50, 51, 52, 53
Nodos inspeccionados: 1, 2, 4, 5, 7, 9, 10, 12, 13, 15, 8, 14, 17, 3, 6, 11, 16, 18, 23, 24, 19, 20, 22, 27, 21, 26, 25, 28, 29, 30, 31, 32, 33, 34, 35, 36, 37, 38, 39, 40, 41, 42, 43, 44, 45, 46, 47, 48, 49
---------------------------------------------
Iteración 51
Nodos generados: 1, 2, 3, 4, 5, 6, 7, 8, 9, 10, 11, 12, 13, 14, 15, 16, 17, 18, 19, 20, 21, 22, 23, 24, 25, 26, 27, 28, 29, 30, 31, 32, 33, 34, 35, 36, 37, 38, 39, 40, 41, 42, 43, 44, 45, 46, 47, 48, 49, 50, 51, 52, 53
Nodos inspeccionados: 1, 2, 4, 5, 7, 9, 10, 12, 13, 15, 8, 14, 17, 3, 6, 11, 16, 18, 23, 24, 19, 20, 22, 27, 21, 26, 25, 28, 29, 30, 31, 32, 33, 34, 35, 36, 37, 38, 39, 40, 41, 42, 43, 44, 45, 46, 47, 48, 49, 50
---------------------------------------------
Iteración 52
Nodos generados: 1, 2, 3, 4, 5, 6, 7, 8, 9, 10, 11, 12, 13, 14, 15, 16, 17, 18, 19, 20, 21, 22, 23, 24, 25, 26, 27, 28, 29, 30, 31, 32, 33, 34, 35, 36, 37, 38, 39, 40, 41, 42, 43, 44, 45, 46, 47, 48, 49, 50, 51, 52, 53, 54, 55, 56, 57
Nodos inspeccionados: 1, 2, 4, 5, 7, 9, 10, 12, 13, 15, 8, 14, 17, 3, 6, 11, 16, 18, 23, 24, 19, 20, 22, 27, 21, 26, 25, 28, 29, 30, 31, 32, 33, 34, 35, 36, 37, 38, 39, 40, 41, 42, 43, 44, 45, 46, 47, 48, 49, 50, 53
---------------------------------------------
Iteración 53
Nodos generados: 1, 2, 3, 4, 5, 6, 7, 8, 9, 10, 11, 12, 13, 14, 15, 16, 17, 18, 19, 20, 21, 22, 23, 24, 25, 26, 27, 28, 29, 30, 31, 32, 33, 34, 35, 36, 37, 38, 39, 40, 41, 42, 43, 44, 45, 46, 47, 48, 49, 50, 51, 52, 53, 54, 55, 56, 57, 58, 59
Nodos inspeccionados: 1, 2, 4, 5, 7, 9, 10, 12, 13, 15, 8, 14, 17, 3, 6, 11, 16, 18, 23, 24, 19, 20, 22, 27, 21, 26, 25, 28, 29, 30, 31, 32, 33, 34, 35, 36, 37, 38, 39, 40, 41, 42, 43, 44, 45, 46, 47, 48, 49, 50, 53, 55
---------------------------------------------
Iteración 54
Nodos generados: 1, 2, 3, 4, 5, 6, 7, 8, 9, 10, 11, 12, 13, 14, 15, 16, 17, 18, 19, 20, 21, 22, 23, 24, 25, 26, 27, 28, 29, 30, 31, 32, 33, 34, 35, 36, 37, 38, 39, 40, 41, 42, 43, 44, 45, 46, 47, 48, 49, 50, 51, 52, 53, 54, 55, 56, 57, 58, 59, 60, 61, 62
Nodos inspeccionados: 1, 2, 4, 5, 7, 9, 10, 12, 13, 15, 8, 14, 17, 3, 6, 11, 16, 18, 23, 24, 19, 20, 22, 27, 21, 26, 25, 28, 29, 30, 31, 32, 33, 34, 35, 36, 37, 38, 39, 40, 41, 42, 43, 44, 45, 46, 47, 48, 49, 50, 53, 55, 57
---------------------------------------------
Iteración 55
Nodos generados: 1, 2, 3, 4, 5, 6, 7, 8, 9, 10, 11, 12, 13, 14, 15, 16, 17, 18, 19, 20, 21, 22, 23, 24, 25, 26, 27, 28, 29, 30, 31, 32, 33, 34, 35, 36, 37, 38, 39, 40, 41, 42, 43, 44, 45, 46, 47, 48, 49, 50, 51, 52, 53, 54, 55, 56, 57, 58, 59, 60, 61, 62, 63, 64
Nodos inspeccionados: 1, 2, 4, 5, 7, 9, 10, 12, 13, 15, 8, 14, 17, 3, 6, 11, 16, 18, 23, 24, 19, 20, 22, 27, 21, 26, 25, 28, 29, 30, 31, 32, 33, 34, 35, 36, 37, 38, 39, 40, 41, 42, 43, 44, 45, 46, 47, 48, 49, 50, 53, 55, 57, 58
---------------------------------------------
Iteración 56
Nodos generados: 1, 2, 3, 4, 5, 6, 7, 8, 9, 10, 11, 12, 13, 14, 15, 16, 17, 18, 19, 20, 21, 22, 23, 24, 25, 26, 27, 28, 29, 30, 31, 32, 33, 34, 35, 36, 37, 38, 39, 40, 41, 42, 43, 44, 45, 46, 47, 48, 49, 50, 51, 52, 53, 54, 55, 56, 57, 58, 59, 60, 61, 62, 63, 64, 65
Nodos inspeccionados: 1, 2, 4, 5, 7, 9, 10, 12, 13, 15, 8, 14, 17, 3, 6, 11, 16, 18, 23, 24, 19, 20, 22, 27, 21, 26, 25, 28, 29, 30, 31, 32, 33, 34, 35, 36, 37, 38, 39, 40, 41, 42, 43, 44, 45, 46, 47, 48, 49, 50, 53, 55, 57, 58, 59
---------------------------------------------
Iteración 57
Nodos generados: 1, 2, 3, 4, 5, 6, 7, 8, 9, 10, 11, 12, 13, 14, 15, 16, 17, 18, 19, 20, 21, 22, 23, 24, 25, 26, 27, 28, 29, 30, 31, 32, 33, 34, 35, 36, 37, 38, 39, 40, 41, 42, 43, 44, 45, 46, 47, 48, 49, 50, 51, 52, 53, 54, 55, 56, 57, 58, 59, 60, 61, 62, 63, 64, 65, 66, 67
Nodos inspeccionados: 1, 2, 4, 5, 7, 9, 10, 12, 13, 15, 8, 14, 17, 3, 6, 11, 16, 18, 23, 24, 19, 20, 22, 27, 21, 26, 25, 28, 29, 30, 31, 32, 33, 34, 35, 36, 37, 38, 39, 40, 41, 42, 43, 44, 45, 46, 47, 48, 49, 50, 53, 55, 57, 58, 59, 62
---------------------------------------------
Iteración 58
Nodos generados: 1, 2, 3, 4, 5, 6, 7, 8, 9, 10, 11, 12, 13, 14, 15, 16, 17, 18, 19, 20, 21, 22, 23, 24, 25, 26, 27, 28, 29, 30, 31, 32, 33, 34, 35, 36, 37, 38, 39, 40, 41, 42, 43, 44, 45, 46, 47, 48, 49, 50, 51, 52, 53, 54, 55, 56, 57, 58, 59, 60, 61, 62, 63, 64, 65, 66, 67, 68, 69
Nodos inspeccionados: 1, 2, 4, 5, 7, 9, 10, 12, 13, 15, 8, 14, 17, 3, 6, 11, 16, 18, 23, 24, 19, 20, 22, 27, 21, 26, 25, 28, 29, 30, 31, 32, 33, 34, 35, 36, 37, 38, 39, 40, 41, 42, 43, 44, 45, 46, 47, 48, 49, 50, 53, 55, 57, 58, 59, 62, 63
---------------------------------------------
Iteración 59
Nodos generados: 1, 2, 3, 4, 5, 6, 7, 8, 9, 10, 11, 12, 13, 14, 15, 16, 17, 18, 19, 20, 21, 22, 23, 24, 25, 26, 27, 28, 29, 30, 31, 32, 33, 34, 35, 36, 37, 38, 39, 40, 41, 42, 43, 44, 45, 46, 47, 48, 49, 50, 51, 52, 53, 54, 55, 56, 57, 58, 59, 60, 61, 62, 63, 64, 65, 66, 67, 68, 69, 70
Nodos inspeccionados: 1, 2, 4, 5, 7, 9, 10, 12, 13, 15, 8, 14, 17, 3, 6, 11, 16, 18, 23, 24, 19, 20, 22, 27, 21, 26, 25, 28, 29, 30, 31, 32, 33, 34, 35, 36, 37, 38, 39, 40, 41, 42, 43, 44, 45, 46, 47, 48, 49, 50, 53, 55, 57, 58, 59, 62, 63, 64
---------------------------------------------
Iteración 60
Nodos generados: 1, 2, 3, 4, 5, 6, 7, 8, 9, 10, 11, 12, 13, 14, 15, 16, 17, 18, 19, 20, 21, 22, 23, 24, 25, 26, 27, 28, 29, 30, 31, 32, 33, 34, 35, 36, 37, 38, 39, 40, 41, 42, 43, 44, 45, 46, 47, 48, 49, 50, 51, 52, 53, 54, 55, 56, 57, 58, 59, 60, 61, 62, 63, 64, 65, 66, 67, 68, 69, 70
Nodos inspeccionados: 1, 2, 4, 5, 7, 9, 10, 12, 13, 15, 8, 14, 17, 3, 6, 11, 16, 18, 23, 24, 19, 20, 22, 27, 21, 26, 25, 28, 29, 30, 31, 32, 33, 34, 35, 36, 37, 38, 39, 40, 41, 42, 43, 44, 45, 46, 47, 48, 49, 50, 53, 55, 57, 58, 59, 62, 63, 64, 65
---------------------------------------------
Iteración 61
Nodos generados: 1, 2, 3, 4, 5, 6, 7, 8, 9, 10, 11, 12, 13, 14, 15, 16, 17, 18, 19, 20, 21, 22, 23, 24, 25, 26, 27, 28, 29, 30, 31, 32, 33, 34, 35, 36, 37, 38, 39, 40, 41, 42, 43, 44, 45, 46, 47, 48, 49, 50, 51, 52, 53, 54, 55, 56, 57, 58, 59, 60, 61, 62, 63, 64, 65, 66, 67, 68, 69, 70, 71, 72
Nodos inspeccionados: 1, 2, 4, 5, 7, 9, 10, 12, 13, 15, 8, 14, 17, 3, 6, 11, 16, 18, 23, 24, 19, 20, 22, 27, 21, 26, 25, 28, 29, 30, 31, 32, 33, 34, 35, 36, 37, 38, 39, 40, 41, 42, 43, 44, 45, 46, 47, 48, 49, 50, 53, 55, 57, 58, 59, 62, 63, 64, 65, 68
---------------------------------------------
Iteración 62
Nodos generados: 1, 2, 3, 4, 5, 6, 7, 8, 9, 10, 11, 12, 13, 14, 15, 16, 17, 18, 19, 20, 21, 22, 23, 24, 25, 26, 27, 28, 29, 30, 31, 32, 33, 34, 35, 36, 37, 38, 39, 40, 41, 42, 43, 44, 45, 46, 47, 48, 49, 50, 51, 52, 53, 54, 55, 56, 57, 58, 59, 60, 61, 62, 63, 64, 65, 66, 67, 68, 69, 70, 71, 72, 73
Nodos inspeccionados: 1, 2, 4, 5, 7, 9, 10, 12, 13, 15, 8, 14, 17, 3, 6, 11, 16, 18, 23, 24, 19, 20, 22, 27, 21, 26, 25, 28, 29, 30, 31, 32, 33, 34, 35, 36, 37, 38, 39, 40, 41, 42, 43, 44, 45, 46, 47, 48, 49, 50, 53, 55, 57, 58, 59, 62, 63, 64, 65, 68, 69
---------------------------------------------
Iteración 63
Nodos generados: 1, 2, 3, 4, 5, 6, 7, 8, 9, 10, 11, 12, 13, 14, 15, 16, 17, 18, 19, 20, 21, 22, 23, 24, 25, 26, 27, 28, 29, 30, 31, 32, 33, 34, 35, 36, 37, 38, 39, 40, 41, 42, 43, 44, 45, 46, 47, 48, 49, 50, 51, 52, 53, 54, 55, 56, 57, 58, 59, 60, 61, 62, 63, 64, 65, 66, 67, 68, 69, 70, 71, 72, 73
Nodos inspeccionados: 1, 2, 4, 5, 7, 9, 10, 12, 13, 15, 8, 14, 17, 3, 6, 11, 16, 18, 23, 24, 19, 20, 22, 27, 21, 26, 25, 28, 29, 30, 31, 32, 33, 34, 35, 36, 37, 38, 39, 40, 41, 42, 43, 44, 45, 46, 47, 48, 49, 50, 53, 55, 57, 58, 59, 62, 63, 64, 65, 68, 69, 70
---------------------------------------------
Iteración 64
Nodos generados: 1, 2, 3, 4, 5, 6, 7, 8, 9, 10, 11, 12, 13, 14, 15, 16, 17, 18, 19, 20, 21, 22, 23, 24, 25, 26, 27, 28, 29, 30, 31, 32, 33, 34, 35, 36, 37, 38, 39, 40, 41, 42, 43, 44, 45, 46, 47, 48, 49, 50, 51, 52, 53, 54, 55, 56, 57, 58, 59, 60, 61, 62, 63, 64, 65, 66, 67, 68, 69, 70, 71, 72, 73, 74, 75
Nodos inspeccionados: 1, 2, 4, 5, 7, 9, 10, 12, 13, 15, 8, 14, 17, 3, 6, 11, 16, 18, 23, 24, 19, 20, 22, 27, 21, 26, 25, 28, 29, 30, 31, 32, 33, 34, 35, 36, 37, 38, 39, 40, 41, 42, 43, 44, 45, 46, 47, 48, 49, 50, 53, 55, 57, 58, 59, 62, 63, 64, 65, 68, 69, 70, 71
---------------------------------------------
Iteración 65
Nodos generados: 1, 2, 3, 4, 5, 6, 7, 8, 9, 10, 11, 12, 13, 14, 15, 16, 17, 18, 19, 20, 21, 22, 23, 24, 25, 26, 27, 28, 29, 30, 31, 32, 33, 34, 35, 36, 37, 38, 39, 40, 41, 42, 43, 44, 45, 46, 47, 48, 49, 50, 51, 52, 53, 54, 55, 56, 57, 58, 59, 60, 61, 62, 63, 64, 65, 66, 67, 68, 69, 70, 71, 72, 73, 74, 75, 76
Nodos inspeccionados: 1, 2, 4, 5, 7, 9, 10, 12, 13, 15, 8, 14, 17, 3, 6, 11, 16, 18, 23, 24, 19, 20, 22, 27, 21, 26, 25, 28, 29, 30, 31, 32, 33, 34, 35, 36, 37, 38, 39, 40, 41, 42, 43, 44, 45, 46, 47, 48, 49, 50, 53, 55, 57, 58, 59, 62, 63, 64, 65, 68, 69, 70, 71, 72
---------------------------------------------
Iteración 66
Nodos generados: 1, 2, 3, 4, 5, 6, 7, 8, 9, 10, 11, 12, 13, 14, 15, 16, 17, 18, 19, 20, 21, 22, 23, 24, 25, 26, 27, 28, 29, 30, 31, 32, 33, 34, 35, 36, 37, 38, 39, 40, 41, 42, 43, 44, 45, 46, 47, 48, 49, 50, 51, 52, 53, 54, 55, 56, 57, 58, 59, 60, 61, 62, 63, 64, 65, 66, 67, 68, 69, 70, 71, 72, 73, 74, 75, 76
Nodos inspeccionados: 1, 2, 4, 5, 7, 9, 10, 12, 13, 15, 8, 14, 17, 3, 6, 11, 16, 18, 23, 24, 19, 20, 22, 27, 21, 26, 25, 28, 29, 30, 31, 32, 33, 34, 35, 36, 37, 38, 39, 40, 41, 42, 43, 44, 45, 46, 47, 48, 49, 50, 53, 55, 57, 58, 59, 62, 63, 64, 65, 68, 69, 70, 71, 72, 73
---------------------------------------------
Iteración 67
Nodos generados: 1, 2, 3, 4, 5, 6, 7, 8, 9, 10, 11, 12, 13, 14, 15, 16, 17, 18, 19, 20, 21, 22, 23, 24, 25, 26, 27, 28, 29, 30, 31, 32, 33, 34, 35, 36, 37, 38, 39, 40, 41, 42, 43, 44, 45, 46, 47, 48, 49, 50, 51, 52, 53, 54, 55, 56, 57, 58, 59, 60, 61, 62, 63, 64, 65, 66, 67, 68, 69, 70, 71, 72, 73, 74, 75, 76, 77, 78, 79
Nodos inspeccionados: 1, 2, 4, 5, 7, 9, 10, 12, 13, 15, 8, 14, 17, 3, 6, 11, 16, 18, 23, 24, 19, 20, 22, 27, 21, 26, 25, 28, 29, 30, 31, 32, 33, 34, 35, 36, 37, 38, 39, 40, 41, 42, 43, 44, 45, 46, 47, 48, 49, 50, 53, 55, 57, 58, 59, 62, 63, 64, 65, 68, 69, 70, 71, 72, 73, 75
---------------------------------------------
Iteración 68
Nodos generados: 1, 2, 3, 4, 5, 6, 7, 8, 9, 10, 11, 12, 13, 14, 15, 16, 17, 18, 19, 20, 21, 22, 23, 24, 25, 26, 27, 28, 29, 30, 31, 32, 33, 34, 35, 36, 37, 38, 39, 40, 41, 42, 43, 44, 45, 46, 47, 48, 49, 50, 51, 52, 53, 54, 55, 56, 57, 58, 59, 60, 61, 62, 63, 64, 65, 66, 67, 68, 69, 70, 71, 72, 73, 74, 75, 76, 77, 78, 79, 80
Nodos inspeccionados: 1, 2, 4, 5, 7, 9, 10, 12, 13, 15, 8, 14, 17, 3, 6, 11, 16, 18, 23, 24, 19, 20, 22, 27, 21, 26, 25, 28, 29, 30, 31, 32, 33, 34, 35, 36, 37, 38, 39, 40, 41, 42, 43, 44, 45, 46, 47, 48, 49, 50, 53, 55, 57, 58, 59, 62, 63, 64, 65, 68, 69, 70, 71, 72, 73, 75, 76
---------------------------------------------
Iteración 69
Nodos generados: 1, 2, 3, 4, 5, 6, 7, 8, 9, 10, 11, 12, 13, 14, 15, 16, 17, 18, 19, 20, 21, 22, 23, 24, 25, 26, 27, 28, 29, 30, 31, 32, 33, 34, 35, 36, 37, 38, 39, 40, 41, 42, 43, 44, 45, 46, 47, 48, 49, 50, 51, 52, 53, 54, 55, 56, 57, 58, 59, 60, 61, 62, 63, 64, 65, 66, 67, 68, 69, 70, 71, 72, 73, 74, 75, 76, 77, 78, 79, 80, 81, 82
Nodos inspeccionados: 1, 2, 4, 5, 7, 9, 10, 12, 13, 15, 8, 14, 17, 3, 6, 11, 16, 18, 23, 24, 19, 20, 22, 27, 21, 26, 25, 28, 29, 30, 31, 32, 33, 34, 35, 36, 37, 38, 39, 40, 41, 42, 43, 44, 45, 46, 47, 48, 49, 50, 53, 55, 57, 58, 59, 62, 63, 64, 65, 68, 69, 70, 71, 72, 73, 75, 76, 78
---------------------------------------------
Iteración 70
Nodos generados: 1, 2, 3, 4, 5, 6, 7, 8, 9, 10, 11, 12, 13, 14, 15, 16, 17, 18, 19, 20, 21, 22, 23, 24, 25, 26, 27, 28, 29, 30, 31, 32, 33, 34, 35, 36, 37, 38, 39, 40, 41, 42, 43, 44, 45, 46, 47, 48, 49, 50, 51, 52, 53, 54, 55, 56, 57, 58, 59, 60, 61, 62, 63, 64, 65, 66, 67, 68, 69, 70, 71, 72, 73, 74, 75, 76, 77, 78, 79, 80, 81, 82, 83, 84
Nodos inspeccionados: 1, 2, 4, 5, 7, 9, 10, 12, 13, 15, 8, 14, 17, 3, 6, 11, 16, 18, 23, 24, 19, 20, 22, 27, 21, 26, 25, 28, 29, 30, 31, 32, 33, 34, 35, 36, 37, 38, 39, 40, 41, 42, 43, 44, 45, 46, 47, 48, 49, 50, 53, 55, 57, 58, 59, 62, 63, 64, 65, 68, 69, 70, 71, 72, 73, 75, 76, 78, 80
---------------------------------------------
Iteración 71
Nodos generados: 1, 2, 3, 4, 5, 6, 7, 8, 9, 10, 11, 12, 13, 14, 15, 16, 17, 18, 19, 20, 21, 22, 23, 24, 25, 26, 27, 28, 29, 30, 31, 32, 33, 34, 35, 36, 37, 38, 39, 40, 41, 42, 43, 44, 45, 46, 47, 48, 49, 50, 51, 52, 53, 54, 55, 56, 57, 58, 59, 60, 61, 62, 63, 64, 65, 66, 67, 68, 69, 70, 71, 72, 73, 74, 75, 76, 77, 78, 79, 80, 81, 82, 83, 84
Nodos inspeccionados: 1, 2, 4, 5, 7, 9, 10, 12, 13, 15, 8, 14, 17, 3, 6, 11, 16, 18, 23, 24, 19, 20, 22, 27, 21, 26, 25, 28, 29, 30, 31, 32, 33, 34, 35, 36, 37, 38, 39, 40, 41, 42, 43, 44, 45, 46, 47, 48, 49, 50, 53, 55, 57, 58, 59, 62, 63, 64, 65, 68, 69, 70, 71, 72, 73, 75, 76, 78, 80, 52
---------------------------------------------
Iteración 72
Nodos generados: 1, 2, 3, 4, 5, 6, 7, 8, 9, 10, 11, 12, 13, 14, 15, 16, 17, 18, 19, 20, 21, 22, 23, 24, 25, 26, 27, 28, 29, 30, 31, 32, 33, 34, 35, 36, 37, 38, 39, 40, 41, 42, 43, 44, 45, 46, 47, 48, 49, 50, 51, 52, 53, 54, 55, 56, 57, 58, 59, 60, 61, 62, 63, 64, 65, 66, 67, 68, 69, 70, 71, 72, 73, 74, 75, 76, 77, 78, 79, 80, 81, 82, 83, 84, 85
Nodos inspeccionados: 1, 2, 4, 5, 7, 9, 10, 12, 13, 15, 8, 14, 17, 3, 6, 11, 16, 18, 23, 24, 19, 20, 22, 27, 21, 26, 25, 28, 29, 30, 31, 32, 33, 34, 35, 36, 37, 38, 39, 40, 41, 42, 43, 44, 45, 46, 47, 48, 49, 50, 53, 55, 57, 58, 59, 62, 63, 64, 65, 68, 69, 70, 71, 72, 73, 75, 76, 78, 80, 52, 54
---------------------------------------------
Iteración 73
Nodos generados: 1, 2, 3, 4, 5, 6, 7, 8, 9, 10, 11, 12, 13, 14, 15, 16, 17, 18, 19, 20, 21, 22, 23, 24, 25, 26, 27, 28, 29, 30, 31, 32, 33, 34, 35, 36, 37, 38, 39, 40, 41, 42, 43, 44, 45, 46, 47, 48, 49, 50, 51, 52, 53, 54, 55, 56, 57, 58, 59, 60, 61, 62, 63, 64, 65, 66, 67, 68, 69, 70, 71, 72, 73, 74, 75, 76, 77, 78, 79, 80, 81, 82, 83, 84, 85, 86
Nodos inspeccionados: 1, 2, 4, 5, 7, 9, 10, 12, 13, 15, 8, 14, 17, 3, 6, 11, 16, 18, 23, 24, 19, 20, 22, 27, 21, 26, 25, 28, 29, 30, 31, 32, 33, 34, 35, 36, 37, 38, 39, 40, 41, 42, 43, 44, 45, 46, 47, 48, 49, 50, 53, 55, 57, 58, 59, 62, 63, 64, 65, 68, 69, 70, 71, 72, 73, 75, 76, 78, 80, 52, 54, 60
---------------------------------------------
Iteración 74
Nodos generados: 1, 2, 3, 4, 5, 6, 7, 8, 9, 10, 11, 12, 13, 14, 15, 16, 17, 18, 19, 20, 21, 22, 23, 24, 25, 26, 27, 28, 29, 30, 31, 32, 33, 34, 35, 36, 37, 38, 39, 40, 41, 42, 43, 44, 45, 46, 47, 48, 49, 50, 51, 52, 53, 54, 55, 56, 57, 58, 59, 60, 61, 62, 63, 64, 65, 66, 67, 68, 69, 70, 71, 72, 73, 74, 75, 76, 77, 78, 79, 80, 81, 82, 83, 84, 85, 86, 87, 88
Nodos inspeccionados: 1, 2, 4, 5, 7, 9, 10, 12, 13, 15, 8, 14, 17, 3, 6, 11, 16, 18, 23, 24, 19, 20, 22, 27, 21, 26, 25, 28, 29, 30, 31, 32, 33, 34, 35, 36, 37, 38, 39, 40, 41, 42, 43, 44, 45, 46, 47, 48, 49, 50, 53, 55, 57, 58, 59, 62, 63, 64, 65, 68, 69, 70, 71, 72, 73, 75, 76, 78, 80, 52, 54, 60, 66
---------------------------------------------
Iteración 75
Nodos generados: 1, 2, 3, 4, 5, 6, 7, 8, 9, 10, 11, 12, 13, 14, 15, 16, 17, 18, 19, 20, 21, 22, 23, 24, 25, 26, 27, 28, 29, 30, 31, 32, 33, 34, 35, 36, 37, 38, 39, 40, 41, 42, 43, 44, 45, 46, 47, 48, 49, 50, 51, 52, 53, 54, 55, 56, 57, 58, 59, 60, 61, 62, 63, 64, 65, 66, 67, 68, 69, 70, 71, 72, 73, 74, 75, 76, 77, 78, 79, 80, 81, 82, 83, 84, 85, 86, 87, 88
Nodos inspeccionados: 1, 2, 4, 5, 7, 9, 10, 12, 13, 15, 8, 14, 17, 3, 6, 11, 16, 18, 23, 24, 19, 20, 22, 27, 21, 26, 25, 28, 29, 30, 31, 32, 33, 34, 35, 36, 37, 38, 39, 40, 41, 42, 43, 44, 45, 46, 47, 48, 49, 50, 53, 55, 57, 58, 59, 62, 63, 64, 65, 68, 69, 70, 71, 72, 73, 75, 76, 78, 80, 52, 54, 60, 66, 74
---------------------------------------------
Iteración 76
Nodos generados: 1, 2, 3, 4, 5, 6, 7, 8, 9, 10, 11, 12, 13, 14, 15, 16, 17, 18, 19, 20, 21, 22, 23, 24, 25, 26, 27, 28, 29, 30, 31, 32, 33, 34, 35, 36, 37, 38, 39, 40, 41, 42, 43, 44, 45, 46, 47, 48, 49, 50, 51, 52, 53, 54, 55, 56, 57, 58, 59, 60, 61, 62, 63, 64, 65, 66, 67, 68, 69, 70, 71, 72, 73, 74, 75, 76, 77, 78, 79, 80, 81, 82, 83, 84, 85, 86, 87, 88, 89
Nodos inspeccionados: 1, 2, 4, 5, 7, 9, 10, 12, 13, 15, 8, 14, 17, 3, 6, 11, 16, 18, 23, 24, 19, 20, 22, 27, 21, 26, 25, 28, 29, 30, 31, 32, 33, 34, 35, 36, 37, 38, 39, 40, 41, 42, 43, 44, 45, 46, 47, 48, 49, 50, 53, 55, 57, 58, 59, 62, 63, 64, 65, 68, 69, 70, 71, 72, 73, 75, 76, 78, 80, 52, 54, 60, 66, 74, 77
---------------------------------------------
Iteración 77
Nodos generados: 1, 2, 3, 4, 5, 6, 7, 8, 9, 10, 11, 12, 13, 14, 15, 16, 17, 18, 19, 20, 21, 22, 23, 24, 25, 26, 27, 28, 29, 30, 31, 32, 33, 34, 35, 36, 37, 38, 39, 40, 41, 42, 43, 44, 45, 46, 47, 48, 49, 50, 51, 52, 53, 54, 55, 56, 57, 58, 59, 60, 61, 62, 63, 64, 65, 66, 67, 68, 69, 70, 71, 72, 73, 74, 75, 76, 77, 78, 79, 80, 81, 82, 83, 84, 85, 86, 87, 88, 89, 90, 91, 92
Nodos inspeccionados: 1, 2, 4, 5, 7, 9, 10, 12, 13, 15, 8, 14, 17, 3, 6, 11, 16, 18, 23, 24, 19, 20, 22, 27, 21, 26, 25, 28, 29, 30, 31, 32, 33, 34, 35, 36, 37, 38, 39, 40, 41, 42, 43, 44, 45, 46, 47, 48, 49, 50, 53, 55, 57, 58, 59, 62, 63, 64, 65, 68, 69, 70, 71, 72, 73, 75, 76, 78, 80, 52, 54, 60, 66, 74, 77, 81
---------------------------------------------
Iteración 78
Nodos generados: 1, 2, 3, 4, 5, 6, 7, 8, 9, 10, 11, 12, 13, 14, 15, 16, 17, 18, 19, 20, 21, 22, 23, 24, 25, 26, 27, 28, 29, 30, 31, 32, 33, 34, 35, 36, 37, 38, 39, 40, 41, 42, 43, 44, 45, 46, 47, 48, 49, 50, 51, 52, 53, 54, 55, 56, 57, 58, 59, 60, 61, 62, 63, 64, 65, 66, 67, 68, 69, 70, 71, 72, 73, 74, 75, 76, 77, 78, 79, 80, 81, 82, 83, 84, 85, 86, 87, 88, 89, 90, 91, 92, 93, 94
Nodos inspeccionados: 1, 2, 4, 5, 7, 9, 10, 12, 13, 15, 8, 14, 17, 3, 6, 11, 16, 18, 23, 24, 19, 20, 22, 27, 21, 26, 25, 28, 29, 30, 31, 32, 33, 34, 35, 36, 37, 38, 39, 40, 41, 42, 43, 44, 45, 46, 47, 48, 49, 50, 53, 55, 57, 58, 59, 62, 63, 64, 65, 68, 69, 70, 71, 72, 73, 75, 76, 78, 80, 52, 54, 60, 66, 74, 77, 81, 83
---------------------------------------------
Iteración 79
Nodos generados: 1, 2, 3, 4, 5, 6, 7, 8, 9, 10, 11, 12, 13, 14, 15, 16, 17, 18, 19, 20, 21, 22, 23, 24, 25, 26, 27, 28, 29, 30, 31, 32, 33, 34, 35, 36, 37, 38, 39, 40, 41, 42, 43, 44, 45, 46, 47, 48, 49, 50, 51, 52, 53, 54, 55, 56, 57, 58, 59, 60, 61, 62, 63, 64, 65, 66, 67, 68, 69, 70, 71, 72, 73, 74, 75, 76, 77, 78, 79, 80, 81, 82, 83, 84, 85, 86, 87, 88, 89, 90, 91, 92, 93, 94, 95, 96, 97, 98
Nodos inspeccionados: 1, 2, 4, 5, 7, 9, 10, 12, 13, 15, 8, 14, 17, 3, 6, 11, 16, 18, 23, 24, 19, 20, 22, 27, 21, 26, 25, 28, 29, 30, 31, 32, 33, 34, 35, 36, 37, 38, 39, 40, 41, 42, 43, 44, 45, 46, 47, 48, 49, 50, 53, 55, 57, 58, 59, 62, 63, 64, 65, 68, 69, 70, 71, 72, 73, 75, 76, 78, 80, 52, 54, 60, 66, 74, 77, 81, 83, 91
---------------------------------------------
Iteración 80
Nodos generados: 1, 2, 3, 4, 5, 6, 7, 8, 9, 10, 11, 12, 13, 14, 15, 16, 17, 18, 19, 20, 21, 22, 23, 24, 25, 26, 27, 28, 29, 30, 31, 32, 33, 34, 35, 36, 37, 38, 39, 40, 41, 42, 43, 44, 45, 46, 47, 48, 49, 50, 51, 52, 53, 54, 55, 56, 57, 58, 59, 60, 61, 62, 63, 64, 65, 66, 67, 68, 69, 70, 71, 72, 73, 74, 75, 76, 77, 78, 79, 80, 81, 82, 83, 84, 85, 86, 87, 88, 89, 90, 91, 92, 93, 94, 95, 96, 97, 98, 99, 100
Nodos inspeccionados: 1, 2, 4, 5, 7, 9, 10, 12, 13, 15, 8, 14, 17, 3, 6, 11, 16, 18, 23, 24, 19, 20, 22, 27, 21, 26, 25, 28, 29, 30, 31, 32, 33, 34, 35, 36, 37, 38, 39, 40, 41, 42, 43, 44, 45, 46, 47, 48, 49, 50, 53, 55, 57, 58, 59, 62, 63, 64, 65, 68, 69, 70, 71, 72, 73, 75, 76, 78, 80, 52, 54, 60, 66, 74, 77, 81, 83, 91, 95
---------------------------------------------
Iteración 81
Nodos generados: 1, 2, 3, 4, 5, 6, 7, 8, 9, 10, 11, 12, 13, 14, 15, 16, 17, 18, 19, 20, 21, 22, 23, 24, 25, 26, 27, 28, 29, 30, 31, 32, 33, 34, 35, 36, 37, 38, 39, 40, 41, 42, 43, 44, 45, 46, 47, 48, 49, 50, 51, 52, 53, 54, 55, 56, 57, 58, 59, 60, 61, 62, 63, 64, 65, 66, 67, 68, 69, 70, 71, 72, 73, 74, 75, 76, 77, 78, 79, 80, 81, 82, 83, 84, 85, 86, 87, 88, 89, 90, 91, 92, 93, 94, 95, 96, 97, 98, 99, 100, 101, 102, 103
Nodos inspeccionados: 1, 2, 4, 5, 7, 9, 10, 12, 13, 15, 8, 14, 17, 3, 6, 11, 16, 18, 23, 24, 19, 20, 22, 27, 21, 26, 25, 28, 29, 30, 31, 32, 33, 34, 35, 36, 37, 38, 39, 40, 41, 42, 43, 44, 45, 46, 47, 48, 49, 50, 53, 55, 57, 58, 59, 62, 63, 64, 65, 68, 69, 70, 71, 72, 73, 75, 76, 78, 80, 52, 54, 60, 66, 74, 77, 81, 83, 91, 95, 97
---------------------------------------------
Iteración 82
Nodos generados: 1, 2, 3, 4, 5, 6, 7, 8, 9, 10, 11, 12, 13, 14, 15, 16, 17, 18, 19, 20, 21, 22, 23, 24, 25, 26, 27, 28, 29, 30, 31, 32, 33, 34, 35, 36, 37, 38, 39, 40, 41, 42, 43, 44, 45, 46, 47, 48, 49, 50, 51, 52, 53, 54, 55, 56, 57, 58, 59, 60, 61, 62, 63, 64, 65, 66, 67, 68, 69, 70, 71, 72, 73, 74, 75, 76, 77, 78, 79, 80, 81, 82, 83, 84, 85, 86, 87, 88, 89, 90, 91, 92, 93, 94, 95, 96, 97, 98, 99, 100, 101, 102, 103
Nodos inspeccionados: 1, 2, 4, 5, 7, 9, 10, 12, 13, 15, 8, 14, 17, 3, 6, 11, 16, 18, 23, 24, 19, 20, 22, 27, 21, 26, 25, 28, 29, 30, 31, 32, 33, 34, 35, 36, 37, 38, 39, 40, 41, 42, 43, 44, 45, 46, 47, 48, 49, 50, 53, 55, 57, 58, 59, 62, 63, 64, 65, 68, 69, 70, 71, 72, 73, 75, 76, 78, 80, 52, 54, 60, 66, 74, 77, 81, 83, 91, 95, 97, 100
---------------------------------------------
Iteración 83
Nodos generados: 1, 2, 3, 4, 5, 6, 7, 8, 9, 10, 11, 12, 13, 14, 15, 16, 17, 18, 19, 20, 21, 22, 23, 24, 25, 26, 27, 28, 29, 30, 31, 32, 33, 34, 35, 36, 37, 38, 39, 40, 41, 42, 43, 44, 45, 46, 47, 48, 49, 50, 51, 52, 53, 54, 55, 56, 57, 58, 59, 60, 61, 62, 63, 64, 65, 66, 67, 68, 69, 70, 71, 72, 73, 74, 75, 76, 77, 78, 79, 80, 81, 82, 83, 84, 85, 86, 87, 88, 89, 90, 91, 92, 93, 94, 95, 96, 97, 98, 99, 100, 101, 102, 103, 104, 105
Nodos inspeccionados: 1, 2, 4, 5, 7, 9, 10, 12, 13, 15, 8, 14, 17, 3, 6, 11, 16, 18, 23, 24, 19, 20, 22, 27, 21, 26, 25, 28, 29, 30, 31, 32, 33, 34, 35, 36, 37, 38, 39, 40, 41, 42, 43, 44, 45, 46, 47, 48, 49, 50, 53, 55, 57, 58, 59, 62, 63, 64, 65, 68, 69, 70, 71, 72, 73, 75, 76, 78, 80, 52, 54, 60, 66, 74, 77, 81, 83, 91, 95, 97, 100, 102
---------------------------------------------
Iteración 84
Nodos generados: 1, 2, 3, 4, 5, 6, 7, 8, 9, 10, 11, 12, 13, 14, 15, 16, 17, 18, 19, 20, 21, 22, 23, 24, 25, 26, 27, 28, 29, 30, 31, 32, 33, 34, 35, 36, 37, 38, 39, 40, 41, 42, 43, 44, 45, 46, 47, 48, 49, 50, 51, 52, 53, 54, 55, 56, 57, 58, 59, 60, 61, 62, 63, 64, 65, 66, 67, 68, 69, 70, 71, 72, 73, 74, 75, 76, 77, 78, 79, 80, 81, 82, 83, 84, 85, 86, 87, 88, 89, 90, 91, 92, 93, 94, 95, 96, 97, 98, 99, 100, 101, 102, 103, 104, 105
Nodos inspeccionados: 1, 2, 4, 5, 7, 9, 10, 12, 13, 15, 8, 14, 17, 3, 6, 11, 16, 18, 23, 24, 19, 20, 22, 27, 21, 26, 25, 28, 29, 30, 31, 32, 33, 34, 35, 36, 37, 38, 39, 40, 41, 42, 43, 44, 45, 46, 47, 48, 49, 50, 53, 55, 57, 58, 59, 62, 63, 64, 65, 68, 69, 70, 71, 72, 73, 75, 76, 78, 80, 52, 54, 60, 66, 74, 77, 81, 83, 91, 95, 97, 100, 102, 56
---------------------------------------------
Iteración 85
Nodos generados: 1, 2, 3, 4, 5, 6, 7, 8, 9, 10, 11, 12, 13, 14, 15, 16, 17, 18, 19, 20, 21, 22, 23, 24, 25, 26, 27, 28, 29, 30, 31, 32, 33, 34, 35, 36, 37, 38, 39, 40, 41, 42, 43, 44, 45, 46, 47, 48, 49, 50, 51, 52, 53, 54, 55, 56, 57, 58, 59, 60, 61, 62, 63, 64, 65, 66, 67, 68, 69, 70, 71, 72, 73, 74, 75, 76, 77, 78, 79, 80, 81, 82, 83, 84, 85, 86, 87, 88, 89, 90, 91, 92, 93, 94, 95, 96, 97, 98, 99, 100, 101, 102, 103, 104, 105, 106
Nodos inspeccionados: 1, 2, 4, 5, 7, 9, 10, 12, 13, 15, 8, 14, 17, 3, 6, 11, 16, 18, 23, 24, 19, 20, 22, 27, 21, 26, 25, 28, 29, 30, 31, 32, 33, 34, 35, 36, 37, 38, 39, 40, 41, 42, 43, 44, 45, 46, 47, 48, 49, 50, 53, 55, 57, 58, 59, 62, 63, 64, 65, 68, 69, 70, 71, 72, 73, 75, 76, 78, 80, 52, 54, 60, 66, 74, 77, 81, 83, 91, 95, 97, 100, 102, 56, 61
---------------------------------------------
Iteración 86
Nodos generados: 1, 2, 3, 4, 5, 6, 7, 8, 9, 10, 11, 12, 13, 14, 15, 16, 17, 18, 19, 20, 21, 22, 23, 24, 25, 26, 27, 28, 29, 30, 31, 32, 33, 34, 35, 36, 37, 38, 39, 40, 41, 42, 43, 44, 45, 46, 47, 48, 49, 50, 51, 52, 53, 54, 55, 56, 57, 58, 59, 60, 61, 62, 63, 64, 65, 66, 67, 68, 69, 70, 71, 72, 73, 74, 75, 76, 77, 78, 79, 80, 81, 82, 83, 84, 85, 86, 87, 88, 89, 90, 91, 92, 93, 94, 95, 96, 97, 98, 99, 100, 101, 102, 103, 104, 105, 106, 107
Nodos inspeccionados: 1, 2, 4, 5, 7, 9, 10, 12, 13, 15, 8, 14, 17, 3, 6, 11, 16, 18, 23, 24, 19, 20, 22, 27, 21, 26, 25, 28, 29, 30, 31, 32, 33, 34, 35, 36, 37, 38, 39, 40, 41, 42, 43, 44, 45, 46, 47, 48, 49, 50, 53, 55, 57, 58, 59, 62, 63, 64, 65, 68, 69, 70, 71, 72, 73, 75, 76, 78, 80, 52, 54, 60, 66, 74, 77, 81, 83, 91, 95, 97, 100, 102, 56, 61, 67
---------------------------------------------
Iteración 87
Nodos generados: 1, 2, 3, 4, 5, 6, 7, 8, 9, 10, 11, 12, 13, 14, 15, 16, 17, 18, 19, 20, 21, 22, 23, 24, 25, 26, 27, 28, 29, 30, 31, 32, 33, 34, 35, 36, 37, 38, 39, 40, 41, 42, 43, 44, 45, 46, 47, 48, 49, 50, 51, 52, 53, 54, 55, 56, 57, 58, 59, 60, 61, 62, 63, 64, 65, 66, 67, 68, 69, 70, 71, 72, 73, 74, 75, 76, 77, 78, 79, 80, 81, 82, 83, 84, 85, 86, 87, 88, 89, 90, 91, 92, 93, 94, 95, 96, 97, 98, 99, 100, 101, 102, 103, 104, 105, 106, 107, 108, 109
Nodos inspeccionados: 1, 2, 4, 5, 7, 9, 10, 12, 13, 15, 8, 14, 17, 3, 6, 11, 16, 18, 23, 24, 19, 20, 22, 27, 21, 26, 25, 28, 29, 30, 31, 32, 33, 34, 35, 36, 37, 38, 39, 40, 41, 42, 43, 44, 45, 46, 47, 48, 49, 50, 53, 55, 57, 58, 59, 62, 63, 64, 65, 68, 69, 70, 71, 72, 73, 75, 76, 78, 80, 52, 54, 60, 66, 74, 77, 81, 83, 91, 95, 97, 100, 102, 56, 61, 67, 87
---------------------------------------------
Iteración 88
Nodos generados: 1, 2, 3, 4, 5, 6, 7, 8, 9, 10, 11, 12, 13, 14, 15, 16, 17, 18, 19, 20, 21, 22, 23, 24, 25, 26, 27, 28, 29, 30, 31, 32, 33, 34, 35, 36, 37, 38, 39, 40, 41, 42, 43, 44, 45, 46, 47, 48, 49, 50, 51, 52, 53, 54, 55, 56, 57, 58, 59, 60, 61, 62, 63, 64, 65, 66, 67, 68, 69, 70, 71, 72, 73, 74, 75, 76, 77, 78, 79, 80, 81, 82, 83, 84, 85, 86, 87, 88, 89, 90, 91, 92, 93, 94, 95, 96, 97, 98, 99, 100, 101, 102, 103, 104, 105, 106, 107, 108, 109
Nodos inspeccionados: 1, 2, 4, 5, 7, 9, 10, 12, 13, 15, 8, 14, 17, 3, 6, 11, 16, 18, 23, 24, 19, 20, 22, 27, 21, 26, 25, 28, 29, 30, 31, 32, 33, 34, 35, 36, 37, 38, 39, 40, 41, 42, 43, 44, 45, 46, 47, 48, 49, 50, 53, 55, 57, 58, 59, 62, 63, 64, 65, 68, 69, 70, 71, 72, 73, 75, 76, 78, 80, 52, 54, 60, 66, 74, 77, 81, 83, 91, 95, 97, 100, 102, 56, 61, 67, 87, 79
---------------------------------------------
Iteración 89
Nodos generados: 1, 2, 3, 4, 5, 6, 7, 8, 9, 10, 11, 12, 13, 14, 15, 16, 17, 18, 19, 20, 21, 22, 23, 24, 25, 26, 27, 28, 29, 30, 31, 32, 33, 34, 35, 36, 37, 38, 39, 40, 41, 42, 43, 44, 45, 46, 47, 48, 49, 50, 51, 52, 53, 54, 55, 56, 57, 58, 59, 60, 61, 62, 63, 64, 65, 66, 67, 68, 69, 70, 71, 72, 73, 74, 75, 76, 77, 78, 79, 80, 81, 82, 83, 84, 85, 86, 87, 88, 89, 90, 91, 92, 93, 94, 95, 96, 97, 98, 99, 100, 101, 102, 103, 104, 105, 106, 107, 108, 109, 110
Nodos inspeccionados: 1, 2, 4, 5, 7, 9, 10, 12, 13, 15, 8, 14, 17, 3, 6, 11, 16, 18, 23, 24, 19, 20, 22, 27, 21, 26, 25, 28, 29, 30, 31, 32, 33, 34, 35, 36, 37, 38, 39, 40, 41, 42, 43, 44, 45, 46, 47, 48, 49, 50, 53, 55, 57, 58, 59, 62, 63, 64, 65, 68, 69, 70, 71, 72, 73, 75, 76, 78, 80, 52, 54, 60, 66, 74, 77, 81, 83, 91, 95, 97, 100, 102, 56, 61, 67, 87, 79, 82
---------------------------------------------
Iteración 90
Nodos generados: 1, 2, 3, 4, 5, 6, 7, 8, 9, 10, 11, 12, 13, 14, 15, 16, 17, 18, 19, 20, 21, 22, 23, 24, 25, 26, 27, 28, 29, 30, 31, 32, 33, 34, 35, 36, 37, 38, 39, 40, 41, 42, 43, 44, 45, 46, 47, 48, 49, 50, 51, 52, 53, 54, 55, 56, 57, 58, 59, 60, 61, 62, 63, 64, 65, 66, 67, 68, 69, 70, 71, 72, 73, 74, 75, 76, 77, 78, 79, 80, 81, 82, 83, 84, 85, 86, 87, 88, 89, 90, 91, 92, 93, 94, 95, 96, 97, 98, 99, 100, 101, 102, 103, 104, 105, 106, 107, 108, 109, 110, 111
Nodos inspeccionados: 1, 2, 4, 5, 7, 9, 10, 12, 13, 15, 8, 14, 17, 3, 6, 11, 16, 18, 23, 24, 19, 20, 22, 27, 21, 26, 25, 28, 29, 30, 31, 32, 33, 34, 35, 36, 37, 38, 39, 40, 41, 42, 43, 44, 45, 46, 47, 48, 49, 50, 53, 55, 57, 58, 59, 62, 63, 64, 65, 68, 69, 70, 71, 72, 73, 75, 76, 78, 80, 52, 54, 60, 66, 74, 77, 81, 83, 91, 95, 97, 100, 102, 56, 61, 67, 87, 79, 82, 90
---------------------------------------------
Iteración 91
Nodos generados: 1, 2, 3, 4, 5, 6, 7, 8, 9, 10, 11, 12, 13, 14, 15, 16, 17, 18, 19, 20, 21, 22, 23, 24, 25, 26, 27, 28, 29, 30, 31, 32, 33, 34, 35, 36, 37, 38, 39, 40, 41, 42, 43, 44, 45, 46, 47, 48, 49, 50, 51, 52, 53, 54, 55, 56, 57, 58, 59, 60, 61, 62, 63, 64, 65, 66, 67, 68, 69, 70, 71, 72, 73, 74, 75, 76, 77, 78, 79, 80, 81, 82, 83, 84, 85, 86, 87, 88, 89, 90, 91, 92, 93, 94, 95, 96, 97, 98, 99, 100, 101, 102, 103, 104, 105, 106, 107, 108, 109, 110, 111, 112, 113
Nodos inspeccionados: 1, 2, 4, 5, 7, 9, 10, 12, 13, 15, 8, 14, 17, 3, 6, 11, 16, 18, 23, 24, 19, 20, 22, 27, 21, 26, 25, 28, 29, 30, 31, 32, 33, 34, 35, 36, 37, 38, 39, 40, 41, 42, 43, 44, 45, 46, 47, 48, 49, 50, 53, 55, 57, 58, 59, 62, 63, 64, 65, 68, 69, 70, 71, 72, 73, 75, 76, 78, 80, 52, 54, 60, 66, 74, 77, 81, 83, 91, 95, 97, 100, 102, 56, 61, 67, 87, 79, 82, 90, 93
---------------------------------------------
Iteración 92
Nodos generados: 1, 2, 3, 4, 5, 6, 7, 8, 9, 10, 11, 12, 13, 14, 15, 16, 17, 18, 19, 20, 21, 22, 23, 24, 25, 26, 27, 28, 29, 30, 31, 32, 33, 34, 35, 36, 37, 38, 39, 40, 41, 42, 43, 44, 45, 46, 47, 48, 49, 50, 51, 52, 53, 54, 55, 56, 57, 58, 59, 60, 61, 62, 63, 64, 65, 66, 67, 68, 69, 70, 71, 72, 73, 74, 75, 76, 77, 78, 79, 80, 81, 82, 83, 84, 85, 86, 87, 88, 89, 90, 91, 92, 93, 94, 95, 96, 97, 98, 99, 100, 101, 102, 103, 104, 105, 106, 107, 108, 109, 110, 111, 112, 113, 114
Nodos inspeccionados: 1, 2, 4, 5, 7, 9, 10, 12, 13, 15, 8, 14, 17, 3, 6, 11, 16, 18, 23, 24, 19, 20, 22, 27, 21, 26, 25, 28, 29, 30, 31, 32, 33, 34, 35, 36, 37, 38, 39, 40, 41, 42, 43, 44, 45, 46, 47, 48, 49, 50, 53, 55, 57, 58, 59, 62, 63, 64, 65, 68, 69, 70, 71, 72, 73, 75, 76, 78, 80, 52, 54, 60, 66, 74, 77, 81, 83, 91, 95, 97, 100, 102, 56, 61, 67, 87, 79, 82, 90, 93, 96
---------------------------------------------
Iteración 93
Nodos generados: 1, 2, 3, 4, 5, 6, 7, 8, 9, 10, 11, 12, 13, 14, 15, 16, 17, 18, 19, 20, 21, 22, 23, 24, 25, 26, 27, 28, 29, 30, 31, 32, 33, 34, 35, 36, 37, 38, 39, 40, 41, 42, 43, 44, 45, 46, 47, 48, 49, 50, 51, 52, 53, 54, 55, 56, 57, 58, 59, 60, 61, 62, 63, 64, 65, 66, 67, 68, 69, 70, 71, 72, 73, 74, 75, 76, 77, 78, 79, 80, 81, 82, 83, 84, 85, 86, 87, 88, 89, 90, 91, 92, 93, 94, 95, 96, 97, 98, 99, 100, 101, 102, 103, 104, 105, 106, 107, 108, 109, 110, 111, 112, 113, 114
Nodos inspeccionados: 1, 2, 4, 5, 7, 9, 10, 12, 13, 15, 8, 14, 17, 3, 6, 11, 16, 18, 23, 24, 19, 20, 22, 27, 21, 26, 25, 28, 29, 30, 31, 32, 33, 34, 35, 36, 37, 38, 39, 40, 41, 42, 43, 44, 45, 46, 47, 48, 49, 50, 53, 55, 57, 58, 59, 62, 63, 64, 65, 68, 69, 70, 71, 72, 73, 75, 76, 78, 80, 52, 54, 60, 66, 74, 77, 81, 83, 91, 95, 97, 100, 102, 56, 61, 67, 87, 79, 82, 90, 93, 96, 99
---------------------------------------------
Iteración 94
Nodos generados: 1, 2, 3, 4, 5, 6, 7, 8, 9, 10, 11, 12, 13, 14, 15, 16, 17, 18, 19, 20, 21, 22, 23, 24, 25, 26, 27, 28, 29, 30, 31, 32, 33, 34, 35, 36, 37, 38, 39, 40, 41, 42, 43, 44, 45, 46, 47, 48, 49, 50, 51, 52, 53, 54, 55, 56, 57, 58, 59, 60, 61, 62, 63, 64, 65, 66, 67, 68, 69, 70, 71, 72, 73, 74, 75, 76, 77, 78, 79, 80, 81, 82, 83, 84, 85, 86, 87, 88, 89, 90, 91, 92, 93, 94, 95, 96, 97, 98, 99, 100, 101, 102, 103, 104, 105, 106, 107, 108, 109, 110, 111, 112, 113, 114, 115
Nodos inspeccionados: 1, 2, 4, 5, 7, 9, 10, 12, 13, 15, 8, 14, 17, 3, 6, 11, 16, 18, 23, 24, 19, 20, 22, 27, 21, 26, 25, 28, 29, 30, 31, 32, 33, 34, 35, 36, 37, 38, 39, 40, 41, 42, 43, 44, 45, 46, 47, 48, 49, 50, 53, 55, 57, 58, 59, 62, 63, 64, 65, 68, 69, 70, 71, 72, 73, 75, 76, 78, 80, 52, 54, 60, 66, 74, 77, 81, 83, 91, 95, 97, 100, 102, 56, 61, 67, 87, 79, 82, 90, 93, 96, 99, 101
---------------------------------------------
Iteración 95
Nodos generados: 1, 2, 3, 4, 5, 6, 7, 8, 9, 10, 11, 12, 13, 14, 15, 16, 17, 18, 19, 20, 21, 22, 23, 24, 25, 26, 27, 28, 29, 30, 31, 32, 33, 34, 35, 36, 37, 38, 39, 40, 41, 42, 43, 44, 45, 46, 47, 48, 49, 50, 51, 52, 53, 54, 55, 56, 57, 58, 59, 60, 61, 62, 63, 64, 65, 66, 67, 68, 69, 70, 71, 72, 73, 74, 75, 76, 77, 78, 79, 80, 81, 82, 83, 84, 85, 86, 87, 88, 89, 90, 91, 92, 93, 94, 95, 96, 97, 98, 99, 100, 101, 102, 103, 104, 105, 106, 107, 108, 109, 110, 111, 112, 113, 114, 115
Nodos inspeccionados: 1, 2, 4, 5, 7, 9, 10, 12, 13, 15, 8, 14, 17, 3, 6, 11, 16, 18, 23, 24, 19, 20, 22, 27, 21, 26, 25, 28, 29, 30, 31, 32, 33, 34, 35, 36, 37, 38, 39, 40, 41, 42, 43, 44, 45, 46, 47, 48, 49, 50, 53, 55, 57, 58, 59, 62, 63, 64, 65, 68, 69, 70, 71, 72, 73, 75, 76, 78, 80, 52, 54, 60, 66, 74, 77, 81, 83, 91, 95, 97, 100, 102, 56, 61, 67, 87, 79, 82, 90, 93, 96, 99, 101, 104
---------------------------------------------
Iteración 96
Nodos generados: 1, 2, 3, 4, 5, 6, 7, 8, 9, 10, 11, 12, 13, 14, 15, 16, 17, 18, 19, 20, 21, 22, 23, 24, 25, 26, 27, 28, 29, 30, 31, 32, 33, 34, 35, 36, 37, 38, 39, 40, 41, 42, 43, 44, 45, 46, 47, 48, 49, 50, 51, 52, 53, 54, 55, 56, 57, 58, 59, 60, 61, 62, 63, 64, 65, 66, 67, 68, 69, 70, 71, 72, 73, 74, 75, 76, 77, 78, 79, 80, 81, 82, 83, 84, 85, 86, 87, 88, 89, 90, 91, 92, 93, 94, 95, 96, 97, 98, 99, 100, 101, 102, 103, 104, 105, 106, 107, 108, 109, 110, 111, 112, 113, 114, 115
Nodos inspeccionados: 1, 2, 4, 5, 7, 9, 10, 12, 13, 15, 8, 14, 17, 3, 6, 11, 16, 18, 23, 24, 19, 20, 22, 27, 21, 26, 25, 28, 29, 30, 31, 32, 33, 34, 35, 36, 37, 38, 39, 40, 41, 42, 43, 44, 45, 46, 47, 48, 49, 50, 53, 55, 57, 58, 59, 62, 63, 64, 65, 68, 69, 70, 71, 72, 73, 75, 76, 78, 80, 52, 54, 60, 66, 74, 77, 81, 83, 91, 95, 97, 100, 102, 56, 61, 67, 87, 79, 82, 90, 93, 96, 99, 101, 104, 85
---------------------------------------------
Iteración 97
Nodos generados: 1, 2, 3, 4, 5, 6, 7, 8, 9, 10, 11, 12, 13, 14, 15, 16, 17, 18, 19, 20, 21, 22, 23, 24, 25, 26, 27, 28, 29, 30, 31, 32, 33, 34, 35, 36, 37, 38, 39, 40, 41, 42, 43, 44, 45, 46, 47, 48, 49, 50, 51, 52, 53, 54, 55, 56, 57, 58, 59, 60, 61, 62, 63, 64, 65, 66, 67, 68, 69, 70, 71, 72, 73, 74, 75, 76, 77, 78, 79, 80, 81, 82, 83, 84, 85, 86, 87, 88, 89, 90, 91, 92, 93, 94, 95, 96, 97, 98, 99, 100, 101, 102, 103, 104, 105, 106, 107, 108, 109, 110, 111, 112, 113, 114, 115, 116
Nodos inspeccionados: 1, 2, 4, 5, 7, 9, 10, 12, 13, 15, 8, 14, 17, 3, 6, 11, 16, 18, 23, 24, 19, 20, 22, 27, 21, 26, 25, 28, 29, 30, 31, 32, 33, 34, 35, 36, 37, 38, 39, 40, 41, 42, 43, 44, 45, 46, 47, 48, 49, 50, 53, 55, 57, 58, 59, 62, 63, 64, 65, 68, 69, 70, 71, 72, 73, 75, 76, 78, 80, 52, 54, 60, 66, 74, 77, 81, 83, 91, 95, 97, 100, 102, 56, 61, 67, 87, 79, 82, 90, 93, 96, 99, 101, 104, 85, 86
---------------------------------------------
Iteración 98
Nodos generados: 1, 2, 3, 4, 5, 6, 7, 8, 9, 10, 11, 12, 13, 14, 15, 16, 17, 18, 19, 20, 21, 22, 23, 24, 25, 26, 27, 28, 29, 30, 31, 32, 33, 34, 35, 36, 37, 38, 39, 40, 41, 42, 43, 44, 45, 46, 47, 48, 49, 50, 51, 52, 53, 54, 55, 56, 57, 58, 59, 60, 61, 62, 63, 64, 65, 66, 67, 68, 69, 70, 71, 72, 73, 74, 75, 76, 77, 78, 79, 80, 81, 82, 83, 84, 85, 86, 87, 88, 89, 90, 91, 92, 93, 94, 95, 96, 97, 98, 99, 100, 101, 102, 103, 104, 105, 106, 107, 108, 109, 110, 111, 112, 113, 114, 115, 116, 117
Nodos inspeccionados: 1, 2, 4, 5, 7, 9, 10, 12, 13, 15, 8, 14, 17, 3, 6, 11, 16, 18, 23, 24, 19, 20, 22, 27, 21, 26, 25, 28, 29, 30, 31, 32, 33, 34, 35, 36, 37, 38, 39, 40, 41, 42, 43, 44, 45, 46, 47, 48, 49, 50, 53, 55, 57, 58, 59, 62, 63, 64, 65, 68, 69, 70, 71, 72, 73, 75, 76, 78, 80, 52, 54, 60, 66, 74, 77, 81, 83, 91, 95, 97, 100, 102, 56, 61, 67, 87, 79, 82, 90, 93, 96, 99, 101, 104, 85, 86, 88
---------------------------------------------
Iteración 99
Nodos generados: 1, 2, 3, 4, 5, 6, 7, 8, 9, 10, 11, 12, 13, 14, 15, 16, 17, 18, 19, 20, 21, 22, 23, 24, 25, 26, 27, 28, 29, 30, 31, 32, 33, 34, 35, 36, 37, 38, 39, 40, 41, 42, 43, 44, 45, 46, 47, 48, 49, 50, 51, 52, 53, 54, 55, 56, 57, 58, 59, 60, 61, 62, 63, 64, 65, 66, 67, 68, 69, 70, 71, 72, 73, 74, 75, 76, 77, 78, 79, 80, 81, 82, 83, 84, 85, 86, 87, 88, 89, 90, 91, 92, 93, 94, 95, 96, 97, 98, 99, 100, 101, 102, 103, 104, 105, 106, 107, 108, 109, 110, 111, 112, 113, 114, 115, 116, 117, 118, 119, 120
Nodos inspeccionados: 1, 2, 4, 5, 7, 9, 10, 12, 13, 15, 8, 14, 17, 3, 6, 11, 16, 18, 23, 24, 19, 20, 22, 27, 21, 26, 25, 28, 29, 30, 31, 32, 33, 34, 35, 36, 37, 38, 39, 40, 41, 42, 43, 44, 45, 46, 47, 48, 49, 50, 53, 55, 57, 58, 59, 62, 63, 64, 65, 68, 69, 70, 71, 72, 73, 75, 76, 78, 80, 52, 54, 60, 66, 74, 77, 81, 83, 91, 95, 97, 100, 102, 56, 61, 67, 87, 79, 82, 90, 93, 96, 99, 101, 104, 85, 86, 88, 108
---------------------------------------------
Iteración 100
Nodos generados: 1, 2, 3, 4, 5, 6, 7, 8, 9, 10, 11, 12, 13, 14, 15, 16, 17, 18, 19, 20, 21, 22, 23, 24, 25, 26, 27, 28, 29, 30, 31, 32, 33, 34, 35, 36, 37, 38, 39, 40, 41, 42, 43, 44, 45, 46, 47, 48, 49, 50, 51, 52, 53, 54, 55, 56, 57, 58, 59, 60, 61, 62, 63, 64, 65, 66, 67, 68, 69, 70, 71, 72, 73, 74, 75, 76, 77, 78, 79, 80, 81, 82, 83, 84, 85, 86, 87, 88, 89, 90, 91, 92, 93, 94, 95, 96, 97, 98, 99, 100, 101, 102, 103, 104, 105, 106, 107, 108, 109, 110, 111, 112, 113, 114, 115, 116, 117, 118, 119, 120
Nodos inspeccionados: 1, 2, 4, 5, 7, 9, 10, 12, 13, 15, 8, 14, 17, 3, 6, 11, 16, 18, 23, 24, 19, 20, 22, 27, 21, 26, 25, 28, 29, 30, 31, 32, 33, 34, 35, 36, 37, 38, 39, 40, 41, 42, 43, 44, 45, 46, 47, 48, 49, 50, 53, 55, 57, 58, 59, 62, 63, 64, 65, 68, 69, 70, 71, 72, 73, 75, 76, 78, 80, 52, 54, 60, 66, 74, 77, 81, 83, 91, 95, 97, 100, 102, 56, 61, 67, 87, 79, 82, 90, 93, 96, 99, 101, 104, 85, 86, 88, 108, 89
---------------------------------------------
Iteración 101
Nodos generados: 1, 2, 3, 4, 5, 6, 7, 8, 9, 10, 11, 12, 13, 14, 15, 16, 17, 18, 19, 20, 21, 22, 23, 24, 25, 26, 27, 28, 29, 30, 31, 32, 33, 34, 35, 36, 37, 38, 39, 40, 41, 42, 43, 44, 45, 46, 47, 48, 49, 50, 51, 52, 53, 54, 55, 56, 57, 58, 59, 60, 61, 62, 63, 64, 65, 66, 67, 68, 69, 70, 71, 72, 73, 74, 75, 76, 77, 78, 79, 80, 81, 82, 83, 84, 85, 86, 87, 88, 89, 90, 91, 92, 93, 94, 95, 96, 97, 98, 99, 100, 101, 102, 103, 104, 105, 106, 107, 108, 109, 110, 111, 112, 113, 114, 115, 116, 117, 118, 119, 120, 121
Nodos inspeccionados: 1, 2, 4, 5, 7, 9, 10, 12, 13, 15, 8, 14, 17, 3, 6, 11, 16, 18, 23, 24, 19, 20, 22, 27, 21, 26, 25, 28, 29, 30, 31, 32, 33, 34, 35, 36, 37, 38, 39, 40, 41, 42, 43, 44, 45, 46, 47, 48, 49, 50, 53, 55, 57, 58, 59, 62, 63, 64, 65, 68, 69, 70, 71, 72, 73, 75, 76, 78, 80, 52, 54, 60, 66, 74, 77, 81, 83, 91, 95, 97, 100, 102, 56, 61, 67, 87, 79, 82, 90, 93, 96, 99, 101, 104, 85, 86, 88, 108, 89, 92
---------------------------------------------
Iteración 102
Nodos generados: 1, 2, 3, 4, 5, 6, 7, 8, 9, 10, 11, 12, 13, 14, 15, 16, 17, 18, 19, 20, 21, 22, 23, 24, 25, 26, 27, 28, 29, 30, 31, 32, 33, 34, 35, 36, 37, 38, 39, 40, 41, 42, 43, 44, 45, 46, 47, 48, 49, 50, 51, 52, 53, 54, 55, 56, 57, 58, 59, 60, 61, 62, 63, 64, 65, 66, 67, 68, 69, 70, 71, 72, 73, 74, 75, 76, 77, 78, 79, 80, 81, 82, 83, 84, 85, 86, 87, 88, 89, 90, 91, 92, 93, 94, 95, 96, 97, 98, 99, 100, 101, 102, 103, 104, 105, 106, 107, 108, 109, 110, 111, 112, 113, 114, 115, 116, 117, 118, 119, 120, 121, 122
Nodos inspeccionados: 1, 2, 4, 5, 7, 9, 10, 12, 13, 15, 8, 14, 17, 3, 6, 11, 16, 18, 23, 24, 19, 20, 22, 27, 21, 26, 25, 28, 29, 30, 31, 32, 33, 34, 35, 36, 37, 38, 39, 40, 41, 42, 43, 44, 45, 46, 47, 48, 49, 50, 53, 55, 57, 58, 59, 62, 63, 64, 65, 68, 69, 70, 71, 72, 73, 75, 76, 78, 80, 52, 54, 60, 66, 74, 77, 81, 83, 91, 95, 97, 100, 102, 56, 61, 67, 87, 79, 82, 90, 93, 96, 99, 101, 104, 85, 86, 88, 108, 89, 92, 98
---------------------------------------------
Iteración 103
Nodos generados: 1, 2, 3, 4, 5, 6, 7, 8, 9, 10, 11, 12, 13, 14, 15, 16, 17, 18, 19, 20, 21, 22, 23, 24, 25, 26, 27, 28, 29, 30, 31, 32, 33, 34, 35, 36, 37, 38, 39, 40, 41, 42, 43, 44, 45, 46, 47, 48, 49, 50, 51, 52, 53, 54, 55, 56, 57, 58, 59, 60, 61, 62, 63, 64, 65, 66, 67, 68, 69, 70, 71, 72, 73, 74, 75, 76, 77, 78, 79, 80, 81, 82, 83, 84, 85, 86, 87, 88, 89, 90, 91, 92, 93, 94, 95, 96, 97, 98, 99, 100, 101, 102, 103, 104, 105, 106, 107, 108, 109, 110, 111, 112, 113, 114, 115, 116, 117, 118, 119, 120, 121, 122, 123, 124, 125
Nodos inspeccionados: 1, 2, 4, 5, 7, 9, 10, 12, 13, 15, 8, 14, 17, 3, 6, 11, 16, 18, 23, 24, 19, 20, 22, 27, 21, 26, 25, 28, 29, 30, 31, 32, 33, 34, 35, 36, 37, 38, 39, 40, 41, 42, 43, 44, 45, 46, 47, 48, 49, 50, 53, 55, 57, 58, 59, 62, 63, 64, 65, 68, 69, 70, 71, 72, 73, 75, 76, 78, 80, 52, 54, 60, 66, 74, 77, 81, 83, 91, 95, 97, 100, 102, 56, 61, 67, 87, 79, 82, 90, 93, 96, 99, 101, 104, 85, 86, 88, 108, 89, 92, 98, 112
---------------------------------------------
Iteración 104
Nodos generados: 1, 2, 3, 4, 5, 6, 7, 8, 9, 10, 11, 12, 13, 14, 15, 16, 17, 18, 19, 20, 21, 22, 23, 24, 25, 26, 27, 28, 29, 30, 31, 32, 33, 34, 35, 36, 37, 38, 39, 40, 41, 42, 43, 44, 45, 46, 47, 48, 49, 50, 51, 52, 53, 54, 55, 56, 57, 58, 59, 60, 61, 62, 63, 64, 65, 66, 67, 68, 69, 70, 71, 72, 73, 74, 75, 76, 77, 78, 79, 80, 81, 82, 83, 84, 85, 86, 87, 88, 89, 90, 91, 92, 93, 94, 95, 96, 97, 98, 99, 100, 101, 102, 103, 104, 105, 106, 107, 108, 109, 110, 111, 112, 113, 114, 115, 116, 117, 118, 119, 120, 121, 122, 123, 124, 125, 126
Nodos inspeccionados: 1, 2, 4, 5, 7, 9, 10, 12, 13, 15, 8, 14, 17, 3, 6, 11, 16, 18, 23, 24, 19, 20, 22, 27, 21, 26, 25, 28, 29, 30, 31, 32, 33, 34, 35, 36, 37, 38, 39, 40, 41, 42, 43, 44, 45, 46, 47, 48, 49, 50, 53, 55, 57, 58, 59, 62, 63, 64, 65, 68, 69, 70, 71, 72, 73, 75, 76, 78, 80, 52, 54, 60, 66, 74, 77, 81, 83, 91, 95, 97, 100, 102, 56, 61, 67, 87, 79, 82, 90, 93, 96, 99, 101, 104, 85, 86, 88, 108, 89, 92, 98, 112, 103
---------------------------------------------
Iteración 105
Nodos generados: 1, 2, 3, 4, 5, 6, 7, 8, 9, 10, 11, 12, 13, 14, 15, 16, 17, 18, 19, 20, 21, 22, 23, 24, 25, 26, 27, 28, 29, 30, 31, 32, 33, 34, 35, 36, 37, 38, 39, 40, 41, 42, 43, 44, 45, 46, 47, 48, 49, 50, 51, 52, 53, 54, 55, 56, 57, 58, 59, 60, 61, 62, 63, 64, 65, 66, 67, 68, 69, 70, 71, 72, 73, 74, 75, 76, 77, 78, 79, 80, 81, 82, 83, 84, 85, 86, 87, 88, 89, 90, 91, 92, 93, 94, 95, 96, 97, 98, 99, 100, 101, 102, 103, 104, 105, 106, 107, 108, 109, 110, 111, 112, 113, 114, 115, 116, 117, 118, 119, 120, 121, 122, 123, 124, 125, 126
Nodos inspeccionados: 1, 2, 4, 5, 7, 9, 10, 12, 13, 15, 8, 14, 17, 3, 6, 11, 16, 18, 23, 24, 19, 20, 22, 27, 21, 26, 25, 28, 29, 30, 31, 32, 33, 34, 35, 36, 37, 38, 39, 40, 41, 42, 43, 44, 45, 46, 47, 48, 49, 50, 53, 55, 57, 58, 59, 62, 63, 64, 65, 68, 69, 70, 71, 72, 73, 75, 76, 78, 80, 52, 54, 60, 66, 74, 77, 81, 83, 91, 95, 97, 100, 102, 56, 61, 67, 87, 79, 82, 90, 93, 96, 99, 101, 104, 85, 86, 88, 108, 89, 92, 98, 112, 103, 105
---------------------------------------------
Iteración 106
Nodos generados: 1, 2, 3, 4, 5, 6, 7, 8, 9, 10, 11, 12, 13, 14, 15, 16, 17, 18, 19, 20, 21, 22, 23, 24, 25, 26, 27, 28, 29, 30, 31, 32, 33, 34, 35, 36, 37, 38, 39, 40, 41, 42, 43, 44, 45, 46, 47, 48, 49, 50, 51, 52, 53, 54, 55, 56, 57, 58, 59, 60, 61, 62, 63, 64, 65, 66, 67, 68, 69, 70, 71, 72, 73, 74, 75, 76, 77, 78, 79, 80, 81, 82, 83, 84, 85, 86, 87, 88, 89, 90, 91, 92, 93, 94, 95, 96, 97, 98, 99, 100, 101, 102, 103, 104, 105, 106, 107, 108, 109, 110, 111, 112, 113, 114, 115, 116, 117, 118, 119, 120, 121, 122, 123, 124, 125, 126, 127, 128, 129, 130, 131
Nodos inspeccionados: 1, 2, 4, 5, 7, 9, 10, 12, 13, 15, 8, 14, 17, 3, 6, 11, 16, 18, 23, 24, 19, 20, 22, 27, 21, 26, 25, 28, 29, 30, 31, 32, 33, 34, 35, 36, 37, 38, 39, 40, 41, 42, 43, 44, 45, 46, 47, 48, 49, 50, 53, 55, 57, 58, 59, 62, 63, 64, 65, 68, 69, 70, 71, 72, 73, 75, 76, 78, 80, 52, 54, 60, 66, 74, 77, 81, 83, 91, 95, 97, 100, 102, 56, 61, 67, 87, 79, 82, 90, 93, 96, 99, 101, 104, 85, 86, 88, 108, 89, 92, 98, 112, 103, 105, 120
---------------------------------------------
Iteración 107
Nodos generados: 1, 2, 3, 4, 5, 6, 7, 8, 9, 10, 11, 12, 13, 14, 15, 16, 17, 18, 19, 20, 21, 22, 23, 24, 25, 26, 27, 28, 29, 30, 31, 32, 33, 34, 35, 36, 37, 38, 39, 40, 41, 42, 43, 44, 45, 46, 47, 48, 49, 50, 51, 52, 53, 54, 55, 56, 57, 58, 59, 60, 61, 62, 63, 64, 65, 66, 67, 68, 69, 70, 71, 72, 73, 74, 75, 76, 77, 78, 79, 80, 81, 82, 83, 84, 85, 86, 87, 88, 89, 90, 91, 92, 93, 94, 95, 96, 97, 98, 99, 100, 101, 102, 103, 104, 105, 106, 107, 108, 109, 110, 111, 112, 113, 114, 115, 116, 117, 118, 119, 120, 121, 122, 123, 124, 125, 126, 127, 128, 129, 130, 131, 132
Nodos inspeccionados: 1, 2, 4, 5, 7, 9, 10, 12, 13, 15, 8, 14, 17, 3, 6, 11, 16, 18, 23, 24, 19, 20, 22, 27, 21, 26, 25, 28, 29, 30, 31, 32, 33, 34, 35, 36, 37, 38, 39, 40, 41, 42, 43, 44, 45, 46, 47, 48, 49, 50, 53, 55, 57, 58, 59, 62, 63, 64, 65, 68, 69, 70, 71, 72, 73, 75, 76, 78, 80, 52, 54, 60, 66, 74, 77, 81, 83, 91, 95, 97, 100, 102, 56, 61, 67, 87, 79, 82, 90, 93, 96, 99, 101, 104, 85, 86, 88, 108, 89, 92, 98, 112, 103, 105, 120, 125
---------------------------------------------
Iteración 108
Nodos generados: 1, 2, 3, 4, 5, 6, 7, 8, 9, 10, 11, 12, 13, 14, 15, 16, 17, 18, 19, 20, 21, 22, 23, 24, 25, 26, 27, 28, 29, 30, 31, 32, 33, 34, 35, 36, 37, 38, 39, 40, 41, 42, 43, 44, 45, 46, 47, 48, 49, 50, 51, 52, 53, 54, 55, 56, 57, 58, 59, 60, 61, 62, 63, 64, 65, 66, 67, 68, 69, 70, 71, 72, 73, 74, 75, 76, 77, 78, 79, 80, 81, 82, 83, 84, 85, 86, 87, 88, 89, 90, 91, 92, 93, 94, 95, 96, 97, 98, 99, 100, 101, 102, 103, 104, 105, 106, 107, 108, 109, 110, 111, 112, 113, 114, 115, 116, 117, 118, 119, 120, 121, 122, 123, 124, 125, 126, 127, 128, 129, 130, 131, 132, 133, 134, 135
Nodos inspeccionados: 1, 2, 4, 5, 7, 9, 10, 12, 13, 15, 8, 14, 17, 3, 6, 11, 16, 18, 23, 24, 19, 20, 22, 27, 21, 26, 25, 28, 29, 30, 31, 32, 33, 34, 35, 36, 37, 38, 39, 40, 41, 42, 43, 44, 45, 46, 47, 48, 49, 50, 53, 55, 57, 58, 59, 62, 63, 64, 65, 68, 69, 70, 71, 72, 73, 75, 76, 78, 80, 52, 54, 60, 66, 74, 77, 81, 83, 91, 95, 97, 100, 102, 56, 61, 67, 87, 79, 82, 90, 93, 96, 99, 101, 104, 85, 86, 88, 108, 89, 92, 98, 112, 103, 105, 120, 125, 128
---------------------------------------------
Iteración 109
Nodos generados: 1, 2, 3, 4, 5, 6, 7, 8, 9, 10, 11, 12, 13, 14, 15, 16, 17, 18, 19, 20, 21, 22, 23, 24, 25, 26, 27, 28, 29, 30, 31, 32, 33, 34, 35, 36, 37, 38, 39, 40, 41, 42, 43, 44, 45, 46, 47, 48, 49, 50, 51, 52, 53, 54, 55, 56, 57, 58, 59, 60, 61, 62, 63, 64, 65, 66, 67, 68, 69, 70, 71, 72, 73, 74, 75, 76, 77, 78, 79, 80, 81, 82, 83, 84, 85, 86, 87, 88, 89, 90, 91, 92, 93, 94, 95, 96, 97, 98, 99, 100, 101, 102, 103, 104, 105, 106, 107, 108, 109, 110, 111, 112, 113, 114, 115, 116, 117, 118, 119, 120, 121, 122, 123, 124, 125, 126, 127, 128, 129, 130, 131, 132, 133, 134, 135
Nodos inspeccionados: 1, 2, 4, 5, 7, 9, 10, 12, 13, 15, 8, 14, 17, 3, 6, 11, 16, 18, 23, 24, 19, 20, 22, 27, 21, 26, 25, 28, 29, 30, 31, 32, 33, 34, 35, 36, 37, 38, 39, 40, 41, 42, 43, 44, 45, 46, 47, 48, 49, 50, 53, 55, 57, 58, 59, 62, 63, 64, 65, 68, 69, 70, 71, 72, 73, 75, 76, 78, 80, 52, 54, 60, 66, 74, 77, 81, 83, 91, 95, 97, 100, 102, 56, 61, 67, 87, 79, 82, 90, 93, 96, 99, 101, 104, 85, 86, 88, 108, 89, 92, 98, 112, 103, 105, 120, 125, 128, 130
---------------------------------------------
Iteración 110
Nodos generados: 1, 2, 3, 4, 5, 6, 7, 8, 9, 10, 11, 12, 13, 14, 15, 16, 17, 18, 19, 20, 21, 22, 23, 24, 25, 26, 27, 28, 29, 30, 31, 32, 33, 34, 35, 36, 37, 38, 39, 40, 41, 42, 43, 44, 45, 46, 47, 48, 49, 50, 51, 52, 53, 54, 55, 56, 57, 58, 59, 60, 61, 62, 63, 64, 65, 66, 67, 68, 69, 70, 71, 72, 73, 74, 75, 76, 77, 78, 79, 80, 81, 82, 83, 84, 85, 86, 87, 88, 89, 90, 91, 92, 93, 94, 95, 96, 97, 98, 99, 100, 101, 102, 103, 104, 105, 106, 107, 108, 109, 110, 111, 112, 113, 114, 115, 116, 117, 118, 119, 120, 121, 122, 123, 124, 125, 126, 127, 128, 129, 130, 131, 132, 133, 134, 135, 136
Nodos inspeccionados: 1, 2, 4, 5, 7, 9, 10, 12, 13, 15, 8, 14, 17, 3, 6, 11, 16, 18, 23, 24, 19, 20, 22, 27, 21, 26, 25, 28, 29, 30, 31, 32, 33, 34, 35, 36, 37, 38, 39, 40, 41, 42, 43, 44, 45, 46, 47, 48, 49, 50, 53, 55, 57, 58, 59, 62, 63, 64, 65, 68, 69, 70, 71, 72, 73, 75, 76, 78, 80, 52, 54, 60, 66, 74, 77, 81, 83, 91, 95, 97, 100, 102, 56, 61, 67, 87, 79, 82, 90, 93, 96, 99, 101, 104, 85, 86, 88, 108, 89, 92, 98, 112, 103, 105, 120, 125, 128, 130, 132
---------------------------------------------
Iteración 111
Nodos generados: 1, 2, 3, 4, 5, 6, 7, 8, 9, 10, 11, 12, 13, 14, 15, 16, 17, 18, 19, 20, 21, 22, 23, 24, 25, 26, 27, 28, 29, 30, 31, 32, 33, 34, 35, 36, 37, 38, 39, 40, 41, 42, 43, 44, 45, 46, 47, 48, 49, 50, 51, 52, 53, 54, 55, 56, 57, 58, 59, 60, 61, 62, 63, 64, 65, 66, 67, 68, 69, 70, 71, 72, 73, 74, 75, 76, 77, 78, 79, 80, 81, 82, 83, 84, 85, 86, 87, 88, 89, 90, 91, 92, 93, 94, 95, 96, 97, 98, 99, 100, 101, 102, 103, 104, 105, 106, 107, 108, 109, 110, 111, 112, 113, 114, 115, 116, 117, 118, 119, 120, 121, 122, 123, 124, 125, 126, 127, 128, 129, 130, 131, 132, 133, 134, 135, 136
Nodos inspeccionados: 1, 2, 4, 5, 7, 9, 10, 12, 13, 15, 8, 14, 17, 3, 6, 11, 16, 18, 23, 24, 19, 20, 22, 27, 21, 26, 25, 28, 29, 30, 31, 32, 33, 34, 35, 36, 37, 38, 39, 40, 41, 42, 43, 44, 45, 46, 47, 48, 49, 50, 53, 55, 57, 58, 59, 62, 63, 64, 65, 68, 69, 70, 71, 72, 73, 75, 76, 78, 80, 52, 54, 60, 66, 74, 77, 81, 83, 91, 95, 97, 100, 102, 56, 61, 67, 87, 79, 82, 90, 93, 96, 99, 101, 104, 85, 86, 88, 108, 89, 92, 98, 112, 103, 105, 120, 125, 128, 130, 132, 133
---------------------------------------------
Iteración 112
Nodos generados: 1, 2, 3, 4, 5, 6, 7, 8, 9, 10, 11, 12, 13, 14, 15, 16, 17, 18, 19, 20, 21, 22, 23, 24, 25, 26, 27, 28, 29, 30, 31, 32, 33, 34, 35, 36, 37, 38, 39, 40, 41, 42, 43, 44, 45, 46, 47, 48, 49, 50, 51, 52, 53, 54, 55, 56, 57, 58, 59, 60, 61, 62, 63, 64, 65, 66, 67, 68, 69, 70, 71, 72, 73, 74, 75, 76, 77, 78, 79, 80, 81, 82, 83, 84, 85, 86, 87, 88, 89, 90, 91, 92, 93, 94, 95, 96, 97, 98, 99, 100, 101, 102, 103, 104, 105, 106, 107, 108, 109, 110, 111, 112, 113, 114, 115, 116, 117, 118, 119, 120, 121, 122, 123, 124, 125, 126, 127, 128, 129, 130, 131, 132, 133, 134, 135, 136
Nodos inspeccionados: 1, 2, 4, 5, 7, 9, 10, 12, 13, 15, 8, 14, 17, 3, 6, 11, 16, 18, 23, 24, 19, 20, 22, 27, 21, 26, 25, 28, 29, 30, 31, 32, 33, 34, 35, 36, 37, 38, 39, 40, 41, 42, 43, 44, 45, 46, 47, 48, 49, 50, 53, 55, 57, 58, 59, 62, 63, 64, 65, 68, 69, 70, 71, 72, 73, 75, 76, 78, 80, 52, 54, 60, 66, 74, 77, 81, 83, 91, 95, 97, 100, 102, 56, 61, 67, 87, 79, 82, 90, 93, 96, 99, 101, 104, 85, 86, 88, 108, 89, 92, 98, 112, 103, 105, 120, 125, 128, 130, 132, 133, 134
---------------------------------------------
Iteración 113
Nodos generados: 1, 2, 3, 4, 5, 6, 7, 8, 9, 10, 11, 12, 13, 14, 15, 16, 17, 18, 19, 20, 21, 22, 23, 24, 25, 26, 27, 28, 29, 30, 31, 32, 33, 34, 35, 36, 37, 38, 39, 40, 41, 42, 43, 44, 45, 46, 47, 48, 49, 50, 51, 52, 53, 54, 55, 56, 57, 58, 59, 60, 61, 62, 63, 64, 65, 66, 67, 68, 69, 70, 71, 72, 73, 74, 75, 76, 77, 78, 79, 80, 81, 82, 83, 84, 85, 86, 87, 88, 89, 90, 91, 92, 93, 94, 95, 96, 97, 98, 99, 100, 101, 102, 103, 104, 105, 106, 107, 108, 109, 110, 111, 112, 113, 114, 115, 116, 117, 118, 119, 120, 121, 122, 123, 124, 125, 126, 127, 128, 129, 130, 131, 132, 133, 134, 135, 136, 137
Nodos inspeccionados: 1, 2, 4, 5, 7, 9, 10, 12, 13, 15, 8, 14, 17, 3, 6, 11, 16, 18, 23, 24, 19, 20, 22, 27, 21, 26, 25, 28, 29, 30, 31, 32, 33, 34, 35, 36, 37, 38, 39, 40, 41, 42, 43, 44, 45, 46, 47, 48, 49, 50, 53, 55, 57, 58, 59, 62, 63, 64, 65, 68, 69, 70, 71, 72, 73, 75, 76, 78, 80, 52, 54, 60, 66, 74, 77, 81, 83, 91, 95, 97, 100, 102, 56, 61, 67, 87, 79, 82, 90, 93, 96, 99, 101, 104, 85, 86, 88, 108, 89, 92, 98, 112, 103, 105, 120, 125, 128, 130, 132, 133, 134, 136
---------------------------------------------
Iteración 114
Nodos generados: 1, 2, 3, 4, 5, 6, 7, 8, 9, 10, 11, 12, 13, 14, 15, 16, 17, 18, 19, 20, 21, 22, 23, 24, 25, 26, 27, 28, 29, 30, 31, 32, 33, 34, 35, 36, 37, 38, 39, 40, 41, 42, 43, 44, 45, 46, 47, 48, 49, 50, 51, 52, 53, 54, 55, 56, 57, 58, 59, 60, 61, 62, 63, 64, 65, 66, 67, 68, 69, 70, 71, 72, 73, 74, 75, 76, 77, 78, 79, 80, 81, 82, 83, 84, 85, 86, 87, 88, 89, 90, 91, 92, 93, 94, 95, 96, 97, 98, 99, 100, 101, 102, 103, 104, 105, 106, 107, 108, 109, 110, 111, 112, 113, 114, 115, 116, 117, 118, 119, 120, 121, 122, 123, 124, 125, 126, 127, 128, 129, 130, 131, 132, 133, 134, 135, 136, 137
Nodos inspeccionados: 1, 2, 4, 5, 7, 9, 10, 12, 13, 15, 8, 14, 17, 3, 6, 11, 16, 18, 23, 24, 19, 20, 22, 27, 21, 26, 25, 28, 29, 30, 31, 32, 33, 34, 35, 36, 37, 38, 39, 40, 41, 42, 43, 44, 45, 46, 47, 48, 49, 50, 53, 55, 57, 58, 59, 62, 63, 64, 65, 68, 69, 70, 71, 72, 73, 75, 76, 78, 80, 52, 54, 60, 66, 74, 77, 81, 83, 91, 95, 97, 100, 102, 56, 61, 67, 87, 79, 82, 90, 93, 96, 99, 101, 104, 85, 86, 88, 108, 89, 92, 98, 112, 103, 105, 120, 125, 128, 130, 132, 133, 134, 136, 113
---------------------------------------------
Iteración 115
Nodos generados: 1, 2, 3, 4, 5, 6, 7, 8, 9, 10, 11, 12, 13, 14, 15, 16, 17, 18, 19, 20, 21, 22, 23, 24, 25, 26, 27, 28, 29, 30, 31, 32, 33, 34, 35, 36, 37, 38, 39, 40, 41, 42, 43, 44, 45, 46, 47, 48, 49, 50, 51, 52, 53, 54, 55, 56, 57, 58, 59, 60, 61, 62, 63, 64, 65, 66, 67, 68, 69, 70, 71, 72, 73, 74, 75, 76, 77, 78, 79, 80, 81, 82, 83, 84, 85, 86, 87, 88, 89, 90, 91, 92, 93, 94, 95, 96, 97, 98, 99, 100, 101, 102, 103, 104, 105, 106, 107, 108, 109, 110, 111, 112, 113, 114, 115, 116, 117, 118, 119, 120, 121, 122, 123, 124, 125, 126, 127, 128, 129, 130, 131, 132, 133, 134, 135, 136, 137
Nodos inspeccionados: 1, 2, 4, 5, 7, 9, 10, 12, 13, 15, 8, 14, 17, 3, 6, 11, 16, 18, 23, 24, 19, 20, 22, 27, 21, 26, 25, 28, 29, 30, 31, 32, 33, 34, 35, 36, 37, 38, 39, 40, 41, 42, 43, 44, 45, 46, 47, 48, 49, 50, 53, 55, 57, 58, 59, 62, 63, 64, 65, 68, 69, 70, 71, 72, 73, 75, 76, 78, 80, 52, 54, 60, 66, 74, 77, 81, 83, 91, 95, 97, 100, 102, 56, 61, 67, 87, 79, 82, 90, 93, 96, 99, 101, 104, 85, 86, 88, 108, 89, 92, 98, 112, 103, 105, 120, 125, 128, 130, 132, 133, 134, 136, 113, 124
---------------------------------------------
Iteración 116
Nodos generados: 1, 2, 3, 4, 5, 6, 7, 8, 9, 10, 11, 12, 13, 14, 15, 16, 17, 18, 19, 20, 21, 22, 23, 24, 25, 26, 27, 28, 29, 30, 31, 32, 33, 34, 35, 36, 37, 38, 39, 40, 41, 42, 43, 44, 45, 46, 47, 48, 49, 50, 51, 52, 53, 54, 55, 56, 57, 58, 59, 60, 61, 62, 63, 64, 65, 66, 67, 68, 69, 70, 71, 72, 73, 74, 75, 76, 77, 78, 79, 80, 81, 82, 83, 84, 85, 86, 87, 88, 89, 90, 91, 92, 93, 94, 95, 96, 97, 98, 99, 100, 101, 102, 103, 104, 105, 106, 107, 108, 109, 110, 111, 112, 113, 114, 115, 116, 117, 118, 119, 120, 121, 122, 123, 124, 125, 126, 127, 128, 129, 130, 131, 132, 133, 134, 135, 136, 137, 138
Nodos inspeccionados: 1, 2, 4, 5, 7, 9, 10, 12, 13, 15, 8, 14, 17, 3, 6, 11, 16, 18, 23, 24, 19, 20, 22, 27, 21, 26, 25, 28, 29, 30, 31, 32, 33, 34, 35, 36, 37, 38, 39, 40, 41, 42, 43, 44, 45, 46, 47, 48, 49, 50, 53, 55, 57, 58, 59, 62, 63, 64, 65, 68, 69, 70, 71, 72, 73, 75, 76, 78, 80, 52, 54, 60, 66, 74, 77, 81, 83, 91, 95, 97, 100, 102, 56, 61, 67, 87, 79, 82, 90, 93, 96, 99, 101, 104, 85, 86, 88, 108, 89, 92, 98, 112, 103, 105, 120, 125, 128, 130, 132, 133, 134, 136, 113, 124, 137
---------------------------------------------
Iteración 117
Nodos generados: 1, 2, 3, 4, 5, 6, 7, 8, 9, 10, 11, 12, 13, 14, 15, 16, 17, 18, 19, 20, 21, 22, 23, 24, 25, 26, 27, 28, 29, 30, 31, 32, 33, 34, 35, 36, 37, 38, 39, 40, 41, 42, 43, 44, 45, 46, 47, 48, 49, 50, 51, 52, 53, 54, 55, 56, 57, 58, 59, 60, 61, 62, 63, 64, 65, 66, 67, 68, 69, 70, 71, 72, 73, 74, 75, 76, 77, 78, 79, 80, 81, 82, 83, 84, 85, 86, 87, 88, 89, 90, 91, 92, 93, 94, 95, 96, 97, 98, 99, 100, 101, 102, 103, 104, 105, 106, 107, 108, 109, 110, 111, 112, 113, 114, 115, 116, 117, 118, 119, 120, 121, 122, 123, 124, 125, 126, 127, 128, 129, 130, 131, 132, 133, 134, 135, 136, 137, 138
Nodos inspeccionados: 1, 2, 4, 5, 7, 9, 10, 12, 13, 15, 8, 14, 17, 3, 6, 11, 16, 18, 23, 24, 19, 20, 22, 27, 21, 26, 25, 28, 29, 30, 31, 32, 33, 34, 35, 36, 37, 38, 39, 40, 41, 42, 43, 44, 45, 46, 47, 48, 49, 50, 53, 55, 57, 58, 59, 62, 63, 64, 65, 68, 69, 70, 71, 72, 73, 75, 76, 78, 80, 52, 54, 60, 66, 74, 77, 81, 83, 91, 95, 97, 100, 102, 56, 61, 67, 87, 79, 82, 90, 93, 96, 99, 101, 104, 85, 86, 88, 108, 89, 92, 98, 112, 103, 105, 120, 125, 128, 130, 132, 133, 134, 136, 113, 124, 137, 123
---------------------------------------------
Iteración 118
Nodos generados: 1, 2, 3, 4, 5, 6, 7, 8, 9, 10, 11, 12, 13, 14, 15, 16, 17, 18, 19, 20, 21, 22, 23, 24, 25, 26, 27, 28, 29, 30, 31, 32, 33, 34, 35, 36, 37, 38, 39, 40, 41, 42, 43, 44, 45, 46, 47, 48, 49, 50, 51, 52, 53, 54, 55, 56, 57, 58, 59, 60, 61, 62, 63, 64, 65, 66, 67, 68, 69, 70, 71, 72, 73, 74, 75, 76, 77, 78, 79, 80, 81, 82, 83, 84, 85, 86, 87, 88, 89, 90, 91, 92, 93, 94, 95, 96, 97, 98, 99, 100, 101, 102, 103, 104, 105, 106, 107, 108, 109, 110, 111, 112, 113, 114, 115, 116, 117, 118, 119, 120, 121, 122, 123, 124, 125, 126, 127, 128, 129, 130, 131, 132, 133, 134, 135, 136, 137, 138, 139, 140
Nodos inspeccionados: 1, 2, 4, 5, 7, 9, 10, 12, 13, 15, 8, 14, 17, 3, 6, 11, 16, 18, 23, 24, 19, 20, 22, 27, 21, 26, 25, 28, 29, 30, 31, 32, 33, 34, 35, 36, 37, 38, 39, 40, 41, 42, 43, 44, 45, 46, 47, 48, 49, 50, 53, 55, 57, 58, 59, 62, 63, 64, 65, 68, 69, 70, 71, 72, 73, 75, 76, 78, 80, 52, 54, 60, 66, 74, 77, 81, 83, 91, 95, 97, 100, 102, 56, 61, 67, 87, 79, 82, 90, 93, 96, 99, 101, 104, 85, 86, 88, 108, 89, 92, 98, 112, 103, 105, 120, 125, 128, 130, 132, 133, 134, 136, 113, 124, 137, 123, 138
---------------------------------------------

