-----------------------------------------------------------------------------------------------------------------------------------------------------------
Instancia      n    m    S   E                  Camino         Coste  Número de nodos generados   Número de nodos inspeccionados
-----------------------------------------------------------------------------------------------------------------------------------------------------------
    Modificacion2    14   18  (13, 11)  (0, 15)  1 3 24 27 29 32 35 38 41 44 48 53 57 61 63 67 69 73 77 79 81 83 85 86 87 88 89 91   155        91                          62
■ ■ ■ ■ ■ ■ ■ ■ ■ ■ ■ ■ ■ ■ ■ E ■ ■ 
■     ■     * * * * * * * * *     ■ 
■         *         ■ ■ ■ ■ ■ ■   ■ 
■       * ■         ■         ■   ■ 
■       * ■         ■         ■   ■ 
■       * ■ ■ ■ ■   ■         ■   ■ 
■       *                     ■   ■ 
■     *                           ■ 
■   *                             ■ 
  * ■ ■ ■ ■ ■ ■ ■ ■ ■ ■ ■ ■ ■ ■ ■ ■ 
■   * * * * * * *                 ■ 
■                 *               ■ 
■                   *             ■ 
■ ■ ■ ■ ■ ■ ■ ■ ■ ■ ■ S ■ ■ ■ ■ ■ ■ 
Iteración 1
Nodos generados: 1
Nodos inspeccionados: -
---------------------------------------------
Iteración 2
Nodos generados: 1, 2, 3, 4
Nodos inspeccionados: 1
---------------------------------------------
Iteración 3
Nodos generados: 1, 2, 3, 4, 5, 6, 7, 8
Nodos inspeccionados: 1, 4
---------------------------------------------
Iteración 4
Nodos generados: 1, 2, 3, 4, 5, 6, 7, 8, 9, 10, 11, 12, 13
Nodos inspeccionados: 1, 4, 8
---------------------------------------------
Iteración 5
Nodos generados: 1, 2, 3, 4, 5, 6, 7, 8, 9, 10, 11, 12, 13, 14, 15
Nodos inspeccionados: 1, 4, 8, 12
---------------------------------------------
Iteración 6
Nodos generados: 1, 2, 3, 4, 5, 6, 7, 8, 9, 10, 11, 12, 13, 14, 15, 16, 17
Nodos inspeccionados: 1, 4, 8, 12, 14
---------------------------------------------
Iteración 7
Nodos generados: 1, 2, 3, 4, 5, 6, 7, 8, 9, 10, 11, 12, 13, 14, 15, 16, 17
Nodos inspeccionados: 1, 4, 8, 12, 14, 9
---------------------------------------------
Iteración 8
Nodos generados: 1, 2, 3, 4, 5, 6, 7, 8, 9, 10, 11, 12, 13, 14, 15, 16, 17, 18
Nodos inspeccionados: 1, 4, 8, 12, 14, 9, 10
---------------------------------------------
Iteración 9
Nodos generados: 1, 2, 3, 4, 5, 6, 7, 8, 9, 10, 11, 12, 13, 14, 15, 16, 17, 18, 19
Nodos inspeccionados: 1, 4, 8, 12, 14, 9, 10, 15
---------------------------------------------
Iteración 10
Nodos generados: 1, 2, 3, 4, 5, 6, 7, 8, 9, 10, 11, 12, 13, 14, 15, 16, 17, 18, 19, 20
Nodos inspeccionados: 1, 4, 8, 12, 14, 9, 10, 15, 5
---------------------------------------------
Iteración 11
Nodos generados: 1, 2, 3, 4, 5, 6, 7, 8, 9, 10, 11, 12, 13, 14, 15, 16, 17, 18, 19, 20
Nodos inspeccionados: 1, 4, 8, 12, 14, 9, 10, 15, 5, 6
---------------------------------------------
Iteración 12
Nodos generados: 1, 2, 3, 4, 5, 6, 7, 8, 9, 10, 11, 12, 13, 14, 15, 16, 17, 18, 19, 20
Nodos inspeccionados: 1, 4, 8, 12, 14, 9, 10, 15, 5, 6, 11
---------------------------------------------
Iteración 13
Nodos generados: 1, 2, 3, 4, 5, 6, 7, 8, 9, 10, 11, 12, 13, 14, 15, 16, 17, 18, 19, 20
Nodos inspeccionados: 1, 4, 8, 12, 14, 9, 10, 15, 5, 6, 11, 13
---------------------------------------------
Iteración 14
Nodos generados: 1, 2, 3, 4, 5, 6, 7, 8, 9, 10, 11, 12, 13, 14, 15, 16, 17, 18, 19, 20
Nodos inspeccionados: 1, 4, 8, 12, 14, 9, 10, 15, 5, 6, 11, 13, 18
---------------------------------------------
Iteración 15
Nodos generados: 1, 2, 3, 4, 5, 6, 7, 8, 9, 10, 11, 12, 13, 14, 15, 16, 17, 18, 19, 20, 21
Nodos inspeccionados: 1, 4, 8, 12, 14, 9, 10, 15, 5, 6, 11, 13, 18, 2
---------------------------------------------
Iteración 16
Nodos generados: 1, 2, 3, 4, 5, 6, 7, 8, 9, 10, 11, 12, 13, 14, 15, 16, 17, 18, 19, 20, 21
Nodos inspeccionados: 1, 4, 8, 12, 14, 9, 10, 15, 5, 6, 11, 13, 18, 2, 16
---------------------------------------------
Iteración 17
Nodos generados: 1, 2, 3, 4, 5, 6, 7, 8, 9, 10, 11, 12, 13, 14, 15, 16, 17, 18, 19, 20, 21, 22
Nodos inspeccionados: 1, 4, 8, 12, 14, 9, 10, 15, 5, 6, 11, 13, 18, 2, 16, 7
---------------------------------------------
Iteración 18
Nodos generados: 1, 2, 3, 4, 5, 6, 7, 8, 9, 10, 11, 12, 13, 14, 15, 16, 17, 18, 19, 20, 21, 22
Nodos inspeccionados: 1, 4, 8, 12, 14, 9, 10, 15, 5, 6, 11, 13, 18, 2, 16, 7, 20
---------------------------------------------
Iteración 19
Nodos generados: 1, 2, 3, 4, 5, 6, 7, 8, 9, 10, 11, 12, 13, 14, 15, 16, 17, 18, 19, 20, 21, 22
Nodos inspeccionados: 1, 4, 8, 12, 14, 9, 10, 15, 5, 6, 11, 13, 18, 2, 16, 7, 20, 17
---------------------------------------------
Iteración 20
Nodos generados: 1, 2, 3, 4, 5, 6, 7, 8, 9, 10, 11, 12, 13, 14, 15, 16, 17, 18, 19, 20, 21, 22
Nodos inspeccionados: 1, 4, 8, 12, 14, 9, 10, 15, 5, 6, 11, 13, 18, 2, 16, 7, 20, 17, 19
---------------------------------------------
Iteración 21
Nodos generados: 1, 2, 3, 4, 5, 6, 7, 8, 9, 10, 11, 12, 13, 14, 15, 16, 17, 18, 19, 20, 21, 22, 23, 24
Nodos inspeccionados: 1, 4, 8, 12, 14, 9, 10, 15, 5, 6, 11, 13, 18, 2, 16, 7, 20, 17, 19, 3
---------------------------------------------
Iteración 22
Nodos generados: 1, 2, 3, 4, 5, 6, 7, 8, 9, 10, 11, 12, 13, 14, 15, 16, 17, 18, 19, 20, 21, 22, 23, 24, 25
Nodos inspeccionados: 1, 4, 8, 12, 14, 9, 10, 15, 5, 6, 11, 13, 18, 2, 16, 7, 20, 17, 19, 3, 21
---------------------------------------------
Iteración 23
Nodos generados: 1, 2, 3, 4, 5, 6, 7, 8, 9, 10, 11, 12, 13, 14, 15, 16, 17, 18, 19, 20, 21, 22, 23, 24, 25
Nodos inspeccionados: 1, 4, 8, 12, 14, 9, 10, 15, 5, 6, 11, 13, 18, 2, 16, 7, 20, 17, 19, 3, 21, 22
---------------------------------------------
Iteración 24
Nodos generados: 1, 2, 3, 4, 5, 6, 7, 8, 9, 10, 11, 12, 13, 14, 15, 16, 17, 18, 19, 20, 21, 22, 23, 24, 25, 26, 27, 28
Nodos inspeccionados: 1, 4, 8, 12, 14, 9, 10, 15, 5, 6, 11, 13, 18, 2, 16, 7, 20, 17, 19, 3, 21, 22, 24
---------------------------------------------
Iteración 25
Nodos generados: 1, 2, 3, 4, 5, 6, 7, 8, 9, 10, 11, 12, 13, 14, 15, 16, 17, 18, 19, 20, 21, 22, 23, 24, 25, 26, 27, 28
Nodos inspeccionados: 1, 4, 8, 12, 14, 9, 10, 15, 5, 6, 11, 13, 18, 2, 16, 7, 20, 17, 19, 3, 21, 22, 24, 25
---------------------------------------------
Iteración 26
Nodos generados: 1, 2, 3, 4, 5, 6, 7, 8, 9, 10, 11, 12, 13, 14, 15, 16, 17, 18, 19, 20, 21, 22, 23, 24, 25, 26, 27, 28
Nodos inspeccionados: 1, 4, 8, 12, 14, 9, 10, 15, 5, 6, 11, 13, 18, 2, 16, 7, 20, 17, 19, 3, 21, 22, 24, 25, 23
---------------------------------------------
Iteración 27
Nodos generados: 1, 2, 3, 4, 5, 6, 7, 8, 9, 10, 11, 12, 13, 14, 15, 16, 17, 18, 19, 20, 21, 22, 23, 24, 25, 26, 27, 28, 29, 30
Nodos inspeccionados: 1, 4, 8, 12, 14, 9, 10, 15, 5, 6, 11, 13, 18, 2, 16, 7, 20, 17, 19, 3, 21, 22, 24, 25, 23, 27
---------------------------------------------
Iteración 28
Nodos generados: 1, 2, 3, 4, 5, 6, 7, 8, 9, 10, 11, 12, 13, 14, 15, 16, 17, 18, 19, 20, 21, 22, 23, 24, 25, 26, 27, 28, 29, 30, 31
Nodos inspeccionados: 1, 4, 8, 12, 14, 9, 10, 15, 5, 6, 11, 13, 18, 2, 16, 7, 20, 17, 19, 3, 21, 22, 24, 25, 23, 27, 26
---------------------------------------------
Iteración 29
Nodos generados: 1, 2, 3, 4, 5, 6, 7, 8, 9, 10, 11, 12, 13, 14, 15, 16, 17, 18, 19, 20, 21, 22, 23, 24, 25, 26, 27, 28, 29, 30, 31
Nodos inspeccionados: 1, 4, 8, 12, 14, 9, 10, 15, 5, 6, 11, 13, 18, 2, 16, 7, 20, 17, 19, 3, 21, 22, 24, 25, 23, 27, 26, 28
---------------------------------------------
Iteración 30
Nodos generados: 1, 2, 3, 4, 5, 6, 7, 8, 9, 10, 11, 12, 13, 14, 15, 16, 17, 18, 19, 20, 21, 22, 23, 24, 25, 26, 27, 28, 29, 30, 31, 32, 33
Nodos inspeccionados: 1, 4, 8, 12, 14, 9, 10, 15, 5, 6, 11, 13, 18, 2, 16, 7, 20, 17, 19, 3, 21, 22, 24, 25, 23, 27, 26, 28, 29
---------------------------------------------
Iteración 31
Nodos generados: 1, 2, 3, 4, 5, 6, 7, 8, 9, 10, 11, 12, 13, 14, 15, 16, 17, 18, 19, 20, 21, 22, 23, 24, 25, 26, 27, 28, 29, 30, 31, 32, 33, 34
Nodos inspeccionados: 1, 4, 8, 12, 14, 9, 10, 15, 5, 6, 11, 13, 18, 2, 16, 7, 20, 17, 19, 3, 21, 22, 24, 25, 23, 27, 26, 28, 29, 30
---------------------------------------------
Iteración 32
Nodos generados: 1, 2, 3, 4, 5, 6, 7, 8, 9, 10, 11, 12, 13, 14, 15, 16, 17, 18, 19, 20, 21, 22, 23, 24, 25, 26, 27, 28, 29, 30, 31, 32, 33, 34
Nodos inspeccionados: 1, 4, 8, 12, 14, 9, 10, 15, 5, 6, 11, 13, 18, 2, 16, 7, 20, 17, 19, 3, 21, 22, 24, 25, 23, 27, 26, 28, 29, 30, 31
---------------------------------------------
Iteración 33
Nodos generados: 1, 2, 3, 4, 5, 6, 7, 8, 9, 10, 11, 12, 13, 14, 15, 16, 17, 18, 19, 20, 21, 22, 23, 24, 25, 26, 27, 28, 29, 30, 31, 32, 33, 34, 35, 36
Nodos inspeccionados: 1, 4, 8, 12, 14, 9, 10, 15, 5, 6, 11, 13, 18, 2, 16, 7, 20, 17, 19, 3, 21, 22, 24, 25, 23, 27, 26, 28, 29, 30, 31, 32
---------------------------------------------
Iteración 34
Nodos generados: 1, 2, 3, 4, 5, 6, 7, 8, 9, 10, 11, 12, 13, 14, 15, 16, 17, 18, 19, 20, 21, 22, 23, 24, 25, 26, 27, 28, 29, 30, 31, 32, 33, 34, 35, 36, 37
Nodos inspeccionados: 1, 4, 8, 12, 14, 9, 10, 15, 5, 6, 11, 13, 18, 2, 16, 7, 20, 17, 19, 3, 21, 22, 24, 25, 23, 27, 26, 28, 29, 30, 31, 32, 33
---------------------------------------------
Iteración 35
Nodos generados: 1, 2, 3, 4, 5, 6, 7, 8, 9, 10, 11, 12, 13, 14, 15, 16, 17, 18, 19, 20, 21, 22, 23, 24, 25, 26, 27, 28, 29, 30, 31, 32, 33, 34, 35, 36, 37
Nodos inspeccionados: 1, 4, 8, 12, 14, 9, 10, 15, 5, 6, 11, 13, 18, 2, 16, 7, 20, 17, 19, 3, 21, 22, 24, 25, 23, 27, 26, 28, 29, 30, 31, 32, 33, 34
---------------------------------------------
Iteración 36
Nodos generados: 1, 2, 3, 4, 5, 6, 7, 8, 9, 10, 11, 12, 13, 14, 15, 16, 17, 18, 19, 20, 21, 22, 23, 24, 25, 26, 27, 28, 29, 30, 31, 32, 33, 34, 35, 36, 37, 38, 39
Nodos inspeccionados: 1, 4, 8, 12, 14, 9, 10, 15, 5, 6, 11, 13, 18, 2, 16, 7, 20, 17, 19, 3, 21, 22, 24, 25, 23, 27, 26, 28, 29, 30, 31, 32, 33, 34, 35
---------------------------------------------
Iteración 37
Nodos generados: 1, 2, 3, 4, 5, 6, 7, 8, 9, 10, 11, 12, 13, 14, 15, 16, 17, 18, 19, 20, 21, 22, 23, 24, 25, 26, 27, 28, 29, 30, 31, 32, 33, 34, 35, 36, 37, 38, 39, 40
Nodos inspeccionados: 1, 4, 8, 12, 14, 9, 10, 15, 5, 6, 11, 13, 18, 2, 16, 7, 20, 17, 19, 3, 21, 22, 24, 25, 23, 27, 26, 28, 29, 30, 31, 32, 33, 34, 35, 36
---------------------------------------------
Iteración 38
Nodos generados: 1, 2, 3, 4, 5, 6, 7, 8, 9, 10, 11, 12, 13, 14, 15, 16, 17, 18, 19, 20, 21, 22, 23, 24, 25, 26, 27, 28, 29, 30, 31, 32, 33, 34, 35, 36, 37, 38, 39, 40
Nodos inspeccionados: 1, 4, 8, 12, 14, 9, 10, 15, 5, 6, 11, 13, 18, 2, 16, 7, 20, 17, 19, 3, 21, 22, 24, 25, 23, 27, 26, 28, 29, 30, 31, 32, 33, 34, 35, 36, 37
---------------------------------------------
Iteración 39
Nodos generados: 1, 2, 3, 4, 5, 6, 7, 8, 9, 10, 11, 12, 13, 14, 15, 16, 17, 18, 19, 20, 21, 22, 23, 24, 25, 26, 27, 28, 29, 30, 31, 32, 33, 34, 35, 36, 37, 38, 39, 40, 41, 42
Nodos inspeccionados: 1, 4, 8, 12, 14, 9, 10, 15, 5, 6, 11, 13, 18, 2, 16, 7, 20, 17, 19, 3, 21, 22, 24, 25, 23, 27, 26, 28, 29, 30, 31, 32, 33, 34, 35, 36, 37, 38
---------------------------------------------
Iteración 40
Nodos generados: 1, 2, 3, 4, 5, 6, 7, 8, 9, 10, 11, 12, 13, 14, 15, 16, 17, 18, 19, 20, 21, 22, 23, 24, 25, 26, 27, 28, 29, 30, 31, 32, 33, 34, 35, 36, 37, 38, 39, 40, 41, 42, 43
Nodos inspeccionados: 1, 4, 8, 12, 14, 9, 10, 15, 5, 6, 11, 13, 18, 2, 16, 7, 20, 17, 19, 3, 21, 22, 24, 25, 23, 27, 26, 28, 29, 30, 31, 32, 33, 34, 35, 36, 37, 38, 39
---------------------------------------------
Iteración 41
Nodos generados: 1, 2, 3, 4, 5, 6, 7, 8, 9, 10, 11, 12, 13, 14, 15, 16, 17, 18, 19, 20, 21, 22, 23, 24, 25, 26, 27, 28, 29, 30, 31, 32, 33, 34, 35, 36, 37, 38, 39, 40, 41, 42, 43
Nodos inspeccionados: 1, 4, 8, 12, 14, 9, 10, 15, 5, 6, 11, 13, 18, 2, 16, 7, 20, 17, 19, 3, 21, 22, 24, 25, 23, 27, 26, 28, 29, 30, 31, 32, 33, 34, 35, 36, 37, 38, 39, 40
---------------------------------------------
Iteración 42
Nodos generados: 1, 2, 3, 4, 5, 6, 7, 8, 9, 10, 11, 12, 13, 14, 15, 16, 17, 18, 19, 20, 21, 22, 23, 24, 25, 26, 27, 28, 29, 30, 31, 32, 33, 34, 35, 36, 37, 38, 39, 40, 41, 42, 43, 44, 45
Nodos inspeccionados: 1, 4, 8, 12, 14, 9, 10, 15, 5, 6, 11, 13, 18, 2, 16, 7, 20, 17, 19, 3, 21, 22, 24, 25, 23, 27, 26, 28, 29, 30, 31, 32, 33, 34, 35, 36, 37, 38, 39, 40, 41
---------------------------------------------
Iteración 43
Nodos generados: 1, 2, 3, 4, 5, 6, 7, 8, 9, 10, 11, 12, 13, 14, 15, 16, 17, 18, 19, 20, 21, 22, 23, 24, 25, 26, 27, 28, 29, 30, 31, 32, 33, 34, 35, 36, 37, 38, 39, 40, 41, 42, 43, 44, 45, 46
Nodos inspeccionados: 1, 4, 8, 12, 14, 9, 10, 15, 5, 6, 11, 13, 18, 2, 16, 7, 20, 17, 19, 3, 21, 22, 24, 25, 23, 27, 26, 28, 29, 30, 31, 32, 33, 34, 35, 36, 37, 38, 39, 40, 41, 42
---------------------------------------------
Iteración 44
Nodos generados: 1, 2, 3, 4, 5, 6, 7, 8, 9, 10, 11, 12, 13, 14, 15, 16, 17, 18, 19, 20, 21, 22, 23, 24, 25, 26, 27, 28, 29, 30, 31, 32, 33, 34, 35, 36, 37, 38, 39, 40, 41, 42, 43, 44, 45, 46
Nodos inspeccionados: 1, 4, 8, 12, 14, 9, 10, 15, 5, 6, 11, 13, 18, 2, 16, 7, 20, 17, 19, 3, 21, 22, 24, 25, 23, 27, 26, 28, 29, 30, 31, 32, 33, 34, 35, 36, 37, 38, 39, 40, 41, 42, 43
---------------------------------------------
Iteración 45
Nodos generados: 1, 2, 3, 4, 5, 6, 7, 8, 9, 10, 11, 12, 13, 14, 15, 16, 17, 18, 19, 20, 21, 22, 23, 24, 25, 26, 27, 28, 29, 30, 31, 32, 33, 34, 35, 36, 37, 38, 39, 40, 41, 42, 43, 44, 45, 46, 47, 48, 49
Nodos inspeccionados: 1, 4, 8, 12, 14, 9, 10, 15, 5, 6, 11, 13, 18, 2, 16, 7, 20, 17, 19, 3, 21, 22, 24, 25, 23, 27, 26, 28, 29, 30, 31, 32, 33, 34, 35, 36, 37, 38, 39, 40, 41, 42, 43, 44
---------------------------------------------
Iteración 46
Nodos generados: 1, 2, 3, 4, 5, 6, 7, 8, 9, 10, 11, 12, 13, 14, 15, 16, 17, 18, 19, 20, 21, 22, 23, 24, 25, 26, 27, 28, 29, 30, 31, 32, 33, 34, 35, 36, 37, 38, 39, 40, 41, 42, 43, 44, 45, 46, 47, 48, 49, 50
Nodos inspeccionados: 1, 4, 8, 12, 14, 9, 10, 15, 5, 6, 11, 13, 18, 2, 16, 7, 20, 17, 19, 3, 21, 22, 24, 25, 23, 27, 26, 28, 29, 30, 31, 32, 33, 34, 35, 36, 37, 38, 39, 40, 41, 42, 43, 44, 45
---------------------------------------------
Iteración 47
Nodos generados: 1, 2, 3, 4, 5, 6, 7, 8, 9, 10, 11, 12, 13, 14, 15, 16, 17, 18, 19, 20, 21, 22, 23, 24, 25, 26, 27, 28, 29, 30, 31, 32, 33, 34, 35, 36, 37, 38, 39, 40, 41, 42, 43, 44, 45, 46, 47, 48, 49, 50, 51, 52, 53
Nodos inspeccionados: 1, 4, 8, 12, 14, 9, 10, 15, 5, 6, 11, 13, 18, 2, 16, 7, 20, 17, 19, 3, 21, 22, 24, 25, 23, 27, 26, 28, 29, 30, 31, 32, 33, 34, 35, 36, 37, 38, 39, 40, 41, 42, 43, 44, 45, 48
---------------------------------------------
Iteración 48
Nodos generados: 1, 2, 3, 4, 5, 6, 7, 8, 9, 10, 11, 12, 13, 14, 15, 16, 17, 18, 19, 20, 21, 22, 23, 24, 25, 26, 27, 28, 29, 30, 31, 32, 33, 34, 35, 36, 37, 38, 39, 40, 41, 42, 43, 44, 45, 46, 47, 48, 49, 50, 51, 52, 53, 54, 55, 56, 57
Nodos inspeccionados: 1, 4, 8, 12, 14, 9, 10, 15, 5, 6, 11, 13, 18, 2, 16, 7, 20, 17, 19, 3, 21, 22, 24, 25, 23, 27, 26, 28, 29, 30, 31, 32, 33, 34, 35, 36, 37, 38, 39, 40, 41, 42, 43, 44, 45, 48, 53
---------------------------------------------
Iteración 49
Nodos generados: 1, 2, 3, 4, 5, 6, 7, 8, 9, 10, 11, 12, 13, 14, 15, 16, 17, 18, 19, 20, 21, 22, 23, 24, 25, 26, 27, 28, 29, 30, 31, 32, 33, 34, 35, 36, 37, 38, 39, 40, 41, 42, 43, 44, 45, 46, 47, 48, 49, 50, 51, 52, 53, 54, 55, 56, 57, 58, 59, 60, 61, 62
Nodos inspeccionados: 1, 4, 8, 12, 14, 9, 10, 15, 5, 6, 11, 13, 18, 2, 16, 7, 20, 17, 19, 3, 21, 22, 24, 25, 23, 27, 26, 28, 29, 30, 31, 32, 33, 34, 35, 36, 37, 38, 39, 40, 41, 42, 43, 44, 45, 48, 53, 57
---------------------------------------------
Iteración 50
Nodos generados: 1, 2, 3, 4, 5, 6, 7, 8, 9, 10, 11, 12, 13, 14, 15, 16, 17, 18, 19, 20, 21, 22, 23, 24, 25, 26, 27, 28, 29, 30, 31, 32, 33, 34, 35, 36, 37, 38, 39, 40, 41, 42, 43, 44, 45, 46, 47, 48, 49, 50, 51, 52, 53, 54, 55, 56, 57, 58, 59, 60, 61, 62, 63, 64, 65, 66
Nodos inspeccionados: 1, 4, 8, 12, 14, 9, 10, 15, 5, 6, 11, 13, 18, 2, 16, 7, 20, 17, 19, 3, 21, 22, 24, 25, 23, 27, 26, 28, 29, 30, 31, 32, 33, 34, 35, 36, 37, 38, 39, 40, 41, 42, 43, 44, 45, 48, 53, 57, 61
---------------------------------------------
Iteración 51
Nodos generados: 1, 2, 3, 4, 5, 6, 7, 8, 9, 10, 11, 12, 13, 14, 15, 16, 17, 18, 19, 20, 21, 22, 23, 24, 25, 26, 27, 28, 29, 30, 31, 32, 33, 34, 35, 36, 37, 38, 39, 40, 41, 42, 43, 44, 45, 46, 47, 48, 49, 50, 51, 52, 53, 54, 55, 56, 57, 58, 59, 60, 61, 62, 63, 64, 65, 66, 67, 68
Nodos inspeccionados: 1, 4, 8, 12, 14, 9, 10, 15, 5, 6, 11, 13, 18, 2, 16, 7, 20, 17, 19, 3, 21, 22, 24, 25, 23, 27, 26, 28, 29, 30, 31, 32, 33, 34, 35, 36, 37, 38, 39, 40, 41, 42, 43, 44, 45, 48, 53, 57, 61, 63
---------------------------------------------
Iteración 52
Nodos generados: 1, 2, 3, 4, 5, 6, 7, 8, 9, 10, 11, 12, 13, 14, 15, 16, 17, 18, 19, 20, 21, 22, 23, 24, 25, 26, 27, 28, 29, 30, 31, 32, 33, 34, 35, 36, 37, 38, 39, 40, 41, 42, 43, 44, 45, 46, 47, 48, 49, 50, 51, 52, 53, 54, 55, 56, 57, 58, 59, 60, 61, 62, 63, 64, 65, 66, 67, 68, 69, 70
Nodos inspeccionados: 1, 4, 8, 12, 14, 9, 10, 15, 5, 6, 11, 13, 18, 2, 16, 7, 20, 17, 19, 3, 21, 22, 24, 25, 23, 27, 26, 28, 29, 30, 31, 32, 33, 34, 35, 36, 37, 38, 39, 40, 41, 42, 43, 44, 45, 48, 53, 57, 61, 63, 67
---------------------------------------------
Iteración 53
Nodos generados: 1, 2, 3, 4, 5, 6, 7, 8, 9, 10, 11, 12, 13, 14, 15, 16, 17, 18, 19, 20, 21, 22, 23, 24, 25, 26, 27, 28, 29, 30, 31, 32, 33, 34, 35, 36, 37, 38, 39, 40, 41, 42, 43, 44, 45, 46, 47, 48, 49, 50, 51, 52, 53, 54, 55, 56, 57, 58, 59, 60, 61, 62, 63, 64, 65, 66, 67, 68, 69, 70, 71, 72, 73
Nodos inspeccionados: 1, 4, 8, 12, 14, 9, 10, 15, 5, 6, 11, 13, 18, 2, 16, 7, 20, 17, 19, 3, 21, 22, 24, 25, 23, 27, 26, 28, 29, 30, 31, 32, 33, 34, 35, 36, 37, 38, 39, 40, 41, 42, 43, 44, 45, 48, 53, 57, 61, 63, 67, 69
---------------------------------------------
Iteración 54
Nodos generados: 1, 2, 3, 4, 5, 6, 7, 8, 9, 10, 11, 12, 13, 14, 15, 16, 17, 18, 19, 20, 21, 22, 23, 24, 25, 26, 27, 28, 29, 30, 31, 32, 33, 34, 35, 36, 37, 38, 39, 40, 41, 42, 43, 44, 45, 46, 47, 48, 49, 50, 51, 52, 53, 54, 55, 56, 57, 58, 59, 60, 61, 62, 63, 64, 65, 66, 67, 68, 69, 70, 71, 72, 73, 74, 75, 76, 77, 78
Nodos inspeccionados: 1, 4, 8, 12, 14, 9, 10, 15, 5, 6, 11, 13, 18, 2, 16, 7, 20, 17, 19, 3, 21, 22, 24, 25, 23, 27, 26, 28, 29, 30, 31, 32, 33, 34, 35, 36, 37, 38, 39, 40, 41, 42, 43, 44, 45, 48, 53, 57, 61, 63, 67, 69, 73
---------------------------------------------
Iteración 55
Nodos generados: 1, 2, 3, 4, 5, 6, 7, 8, 9, 10, 11, 12, 13, 14, 15, 16, 17, 18, 19, 20, 21, 22, 23, 24, 25, 26, 27, 28, 29, 30, 31, 32, 33, 34, 35, 36, 37, 38, 39, 40, 41, 42, 43, 44, 45, 46, 47, 48, 49, 50, 51, 52, 53, 54, 55, 56, 57, 58, 59, 60, 61, 62, 63, 64, 65, 66, 67, 68, 69, 70, 71, 72, 73, 74, 75, 76, 77, 78, 79, 80
Nodos inspeccionados: 1, 4, 8, 12, 14, 9, 10, 15, 5, 6, 11, 13, 18, 2, 16, 7, 20, 17, 19, 3, 21, 22, 24, 25, 23, 27, 26, 28, 29, 30, 31, 32, 33, 34, 35, 36, 37, 38, 39, 40, 41, 42, 43, 44, 45, 48, 53, 57, 61, 63, 67, 69, 73, 77
---------------------------------------------
Iteración 56
Nodos generados: 1, 2, 3, 4, 5, 6, 7, 8, 9, 10, 11, 12, 13, 14, 15, 16, 17, 18, 19, 20, 21, 22, 23, 24, 25, 26, 27, 28, 29, 30, 31, 32, 33, 34, 35, 36, 37, 38, 39, 40, 41, 42, 43, 44, 45, 46, 47, 48, 49, 50, 51, 52, 53, 54, 55, 56, 57, 58, 59, 60, 61, 62, 63, 64, 65, 66, 67, 68, 69, 70, 71, 72, 73, 74, 75, 76, 77, 78, 79, 80, 81, 82
Nodos inspeccionados: 1, 4, 8, 12, 14, 9, 10, 15, 5, 6, 11, 13, 18, 2, 16, 7, 20, 17, 19, 3, 21, 22, 24, 25, 23, 27, 26, 28, 29, 30, 31, 32, 33, 34, 35, 36, 37, 38, 39, 40, 41, 42, 43, 44, 45, 48, 53, 57, 61, 63, 67, 69, 73, 77, 79
---------------------------------------------
Iteración 57
Nodos generados: 1, 2, 3, 4, 5, 6, 7, 8, 9, 10, 11, 12, 13, 14, 15, 16, 17, 18, 19, 20, 21, 22, 23, 24, 25, 26, 27, 28, 29, 30, 31, 32, 33, 34, 35, 36, 37, 38, 39, 40, 41, 42, 43, 44, 45, 46, 47, 48, 49, 50, 51, 52, 53, 54, 55, 56, 57, 58, 59, 60, 61, 62, 63, 64, 65, 66, 67, 68, 69, 70, 71, 72, 73, 74, 75, 76, 77, 78, 79, 80, 81, 82, 83, 84
Nodos inspeccionados: 1, 4, 8, 12, 14, 9, 10, 15, 5, 6, 11, 13, 18, 2, 16, 7, 20, 17, 19, 3, 21, 22, 24, 25, 23, 27, 26, 28, 29, 30, 31, 32, 33, 34, 35, 36, 37, 38, 39, 40, 41, 42, 43, 44, 45, 48, 53, 57, 61, 63, 67, 69, 73, 77, 79, 81
---------------------------------------------
Iteración 58
Nodos generados: 1, 2, 3, 4, 5, 6, 7, 8, 9, 10, 11, 12, 13, 14, 15, 16, 17, 18, 19, 20, 21, 22, 23, 24, 25, 26, 27, 28, 29, 30, 31, 32, 33, 34, 35, 36, 37, 38, 39, 40, 41, 42, 43, 44, 45, 46, 47, 48, 49, 50, 51, 52, 53, 54, 55, 56, 57, 58, 59, 60, 61, 62, 63, 64, 65, 66, 67, 68, 69, 70, 71, 72, 73, 74, 75, 76, 77, 78, 79, 80, 81, 82, 83, 84, 85
Nodos inspeccionados: 1, 4, 8, 12, 14, 9, 10, 15, 5, 6, 11, 13, 18, 2, 16, 7, 20, 17, 19, 3, 21, 22, 24, 25, 23, 27, 26, 28, 29, 30, 31, 32, 33, 34, 35, 36, 37, 38, 39, 40, 41, 42, 43, 44, 45, 48, 53, 57, 61, 63, 67, 69, 73, 77, 79, 81, 83
---------------------------------------------
Iteración 59
Nodos generados: 1, 2, 3, 4, 5, 6, 7, 8, 9, 10, 11, 12, 13, 14, 15, 16, 17, 18, 19, 20, 21, 22, 23, 24, 25, 26, 27, 28, 29, 30, 31, 32, 33, 34, 35, 36, 37, 38, 39, 40, 41, 42, 43, 44, 45, 46, 47, 48, 49, 50, 51, 52, 53, 54, 55, 56, 57, 58, 59, 60, 61, 62, 63, 64, 65, 66, 67, 68, 69, 70, 71, 72, 73, 74, 75, 76, 77, 78, 79, 80, 81, 82, 83, 84, 85, 86
Nodos inspeccionados: 1, 4, 8, 12, 14, 9, 10, 15, 5, 6, 11, 13, 18, 2, 16, 7, 20, 17, 19, 3, 21, 22, 24, 25, 23, 27, 26, 28, 29, 30, 31, 32, 33, 34, 35, 36, 37, 38, 39, 40, 41, 42, 43, 44, 45, 48, 53, 57, 61, 63, 67, 69, 73, 77, 79, 81, 83, 85
---------------------------------------------
Iteración 60
Nodos generados: 1, 2, 3, 4, 5, 6, 7, 8, 9, 10, 11, 12, 13, 14, 15, 16, 17, 18, 19, 20, 21, 22, 23, 24, 25, 26, 27, 28, 29, 30, 31, 32, 33, 34, 35, 36, 37, 38, 39, 40, 41, 42, 43, 44, 45, 46, 47, 48, 49, 50, 51, 52, 53, 54, 55, 56, 57, 58, 59, 60, 61, 62, 63, 64, 65, 66, 67, 68, 69, 70, 71, 72, 73, 74, 75, 76, 77, 78, 79, 80, 81, 82, 83, 84, 85, 86, 87
Nodos inspeccionados: 1, 4, 8, 12, 14, 9, 10, 15, 5, 6, 11, 13, 18, 2, 16, 7, 20, 17, 19, 3, 21, 22, 24, 25, 23, 27, 26, 28, 29, 30, 31, 32, 33, 34, 35, 36, 37, 38, 39, 40, 41, 42, 43, 44, 45, 48, 53, 57, 61, 63, 67, 69, 73, 77, 79, 81, 83, 85, 86
---------------------------------------------
Iteración 61
Nodos generados: 1, 2, 3, 4, 5, 6, 7, 8, 9, 10, 11, 12, 13, 14, 15, 16, 17, 18, 19, 20, 21, 22, 23, 24, 25, 26, 27, 28, 29, 30, 31, 32, 33, 34, 35, 36, 37, 38, 39, 40, 41, 42, 43, 44, 45, 46, 47, 48, 49, 50, 51, 52, 53, 54, 55, 56, 57, 58, 59, 60, 61, 62, 63, 64, 65, 66, 67, 68, 69, 70, 71, 72, 73, 74, 75, 76, 77, 78, 79, 80, 81, 82, 83, 84, 85, 86, 87, 88
Nodos inspeccionados: 1, 4, 8, 12, 14, 9, 10, 15, 5, 6, 11, 13, 18, 2, 16, 7, 20, 17, 19, 3, 21, 22, 24, 25, 23, 27, 26, 28, 29, 30, 31, 32, 33, 34, 35, 36, 37, 38, 39, 40, 41, 42, 43, 44, 45, 48, 53, 57, 61, 63, 67, 69, 73, 77, 79, 81, 83, 85, 86, 87
---------------------------------------------
Iteración 62
Nodos generados: 1, 2, 3, 4, 5, 6, 7, 8, 9, 10, 11, 12, 13, 14, 15, 16, 17, 18, 19, 20, 21, 22, 23, 24, 25, 26, 27, 28, 29, 30, 31, 32, 33, 34, 35, 36, 37, 38, 39, 40, 41, 42, 43, 44, 45, 46, 47, 48, 49, 50, 51, 52, 53, 54, 55, 56, 57, 58, 59, 60, 61, 62, 63, 64, 65, 66, 67, 68, 69, 70, 71, 72, 73, 74, 75, 76, 77, 78, 79, 80, 81, 82, 83, 84, 85, 86, 87, 88, 89
Nodos inspeccionados: 1, 4, 8, 12, 14, 9, 10, 15, 5, 6, 11, 13, 18, 2, 16, 7, 20, 17, 19, 3, 21, 22, 24, 25, 23, 27, 26, 28, 29, 30, 31, 32, 33, 34, 35, 36, 37, 38, 39, 40, 41, 42, 43, 44, 45, 48, 53, 57, 61, 63, 67, 69, 73, 77, 79, 81, 83, 85, 86, 87, 88
---------------------------------------------
Iteración 63
Nodos generados: 1, 2, 3, 4, 5, 6, 7, 8, 9, 10, 11, 12, 13, 14, 15, 16, 17, 18, 19, 20, 21, 22, 23, 24, 25, 26, 27, 28, 29, 30, 31, 32, 33, 34, 35, 36, 37, 38, 39, 40, 41, 42, 43, 44, 45, 46, 47, 48, 49, 50, 51, 52, 53, 54, 55, 56, 57, 58, 59, 60, 61, 62, 63, 64, 65, 66, 67, 68, 69, 70, 71, 72, 73, 74, 75, 76, 77, 78, 79, 80, 81, 82, 83, 84, 85, 86, 87, 88, 89, 90, 91
Nodos inspeccionados: 1, 4, 8, 12, 14, 9, 10, 15, 5, 6, 11, 13, 18, 2, 16, 7, 20, 17, 19, 3, 21, 22, 24, 25, 23, 27, 26, 28, 29, 30, 31, 32, 33, 34, 35, 36, 37, 38, 39, 40, 41, 42, 43, 44, 45, 48, 53, 57, 61, 63, 67, 69, 73, 77, 79, 81, 83, 85, 86, 87, 88, 89
---------------------------------------------

