---------------------------------------------
Número de nodos del grafo: 20
Número de aristas del grafo: 25
Vértice origen: 1
Vértice destino: 16
---------------------------------------------
Iteración 1
Nodos generados: 1
Nodos inspeccionados: -
---------------------------------------------
Iteración 2
Nodos generados: 1, 2, 5
Nodos inspeccionados: 1
---------------------------------------------
Iteración 3
Nodos generados: 1, 2, 5, 3, 4, 20
Nodos inspeccionados: 1, 2
---------------------------------------------
Iteración 4
Nodos generados: 1, 2, 5, 3, 4, 20, 6, 10, 11
Nodos inspeccionados: 1, 2, 5
---------------------------------------------
Iteración 5
Nodos generados: 1, 2, 5, 3, 4, 20, 6, 10, 11
Nodos inspeccionados: 1, 2, 5, 3
---------------------------------------------
Iteración 6
Nodos generados: 1, 2, 5, 3, 4, 20, 6, 10, 11, 8, 17, 18
Nodos inspeccionados: 1, 2, 5, 3, 4
---------------------------------------------
Iteración 7
Nodos generados: 1, 2, 5, 3, 4, 20, 6, 10, 11, 8, 17, 18, 19
Nodos inspeccionados: 1, 2, 5, 3, 4, 20
---------------------------------------------
Iteración 8
Nodos generados: 1, 2, 5, 3, 4, 20, 6, 10, 11, 8, 17, 18, 19
Nodos inspeccionados: 1, 2, 5, 3, 4, 20, 3
---------------------------------------------
Iteración 9
Nodos generados: 1, 2, 5, 3, 4, 20, 6, 10, 11, 8, 17, 18, 19, 9
Nodos inspeccionados: 1, 2, 5, 3, 4, 20, 3, 6
---------------------------------------------
Iteración 10
Nodos generados: 1, 2, 5, 3, 4, 20, 6, 10, 11, 8, 17, 18, 19, 9, 12
Nodos inspeccionados: 1, 2, 5, 3, 4, 20, 3, 6, 10
---------------------------------------------
Iteración 11
Nodos generados: 1, 2, 5, 3, 4, 20, 6, 10, 11, 8, 17, 18, 19, 9, 12
Nodos inspeccionados: 1, 2, 5, 3, 4, 20, 3, 6, 10, 11
---------------------------------------------
Iteración 12
Nodos generados: 1, 2, 5, 3, 4, 20, 6, 10, 11, 8, 17, 18, 19, 9, 12
Nodos inspeccionados: 1, 2, 5, 3, 4, 20, 3, 6, 10, 11, 6
---------------------------------------------
Iteración 13
Nodos generados: 1, 2, 5, 3, 4, 20, 6, 10, 11, 8, 17, 18, 19, 9, 12, 7, 16
Nodos inspeccionados: 1, 2, 5, 3, 4, 20, 3, 6, 10, 11, 6, 8
---------------------------------------------
Iteración 14
Nodos generados: 1, 2, 5, 3, 4, 20, 6, 10, 11, 8, 17, 18, 19, 9, 12, 7, 16
Nodos inspeccionados: 1, 2, 5, 3, 4, 20, 3, 6, 10, 11, 6, 8, 17
---------------------------------------------
Iteración 15
Nodos generados: 1, 2, 5, 3, 4, 20, 6, 10, 11, 8, 17, 18, 19, 9, 12, 7, 16
Nodos inspeccionados: 1, 2, 5, 3, 4, 20, 3, 6, 10, 11, 6, 8, 17, 18
---------------------------------------------
Iteración 16
Nodos generados: 1, 2, 5, 3, 4, 20, 6, 10, 11, 8, 17, 18, 19, 9, 12, 7, 16
Nodos inspeccionados: 1, 2, 5, 3, 4, 20, 3, 6, 10, 11, 6, 8, 17, 18, 19
---------------------------------------------
Iteración 17
Nodos generados: 1, 2, 5, 3, 4, 20, 6, 10, 11, 8, 17, 18, 19, 9, 12, 7, 16
Nodos inspeccionados: 1, 2, 5, 3, 4, 20, 3, 6, 10, 11, 6, 8, 17, 18, 19, 6
---------------------------------------------
Iteración 18
Nodos generados: 1, 2, 5, 3, 4, 20, 6, 10, 11, 8, 17, 18, 19, 9, 12, 7, 16, 13, 14
Nodos inspeccionados: 1, 2, 5, 3, 4, 20, 3, 6, 10, 11, 6, 8, 17, 18, 19, 6, 9
---------------------------------------------
Iteración 19
Nodos generados: 1, 2, 5, 3, 4, 20, 6, 10, 11, 8, 17, 18, 19, 9, 12, 7, 16, 13, 14
Nodos inspeccionados: 1, 2, 5, 3, 4, 20, 3, 6, 10, 11, 6, 8, 17, 18, 19, 6, 9, 12
---------------------------------------------
Iteración 20
Nodos generados: 1, 2, 5, 3, 4, 20, 6, 10, 11, 8, 17, 18, 19, 9, 12, 7, 16, 13, 14
Nodos inspeccionados: 1, 2, 5, 3, 4, 20, 3, 6, 10, 11, 6, 8, 17, 18, 19, 6, 9, 12, 9
---------------------------------------------
Iteración 21
Nodos generados: 1, 2, 5, 3, 4, 20, 6, 10, 11, 8, 17, 18, 19, 9, 12, 7, 16, 13, 14, 15
Nodos inspeccionados: 1, 2, 5, 3, 4, 20, 3, 6, 10, 11, 6, 8, 17, 18, 19, 6, 9, 12, 9, 7
---------------------------------------------
Iteración 21
Nodos generados: 1, 2, 5, 3, 4, 20, 6, 10, 11, 8, 17, 18, 19, 9, 12, 7, 16, 13, 14, 15
Nodos inspeccionados: 1, 2, 5, 3, 4, 20, 3, 6, 10, 11, 6, 8, 17, 18, 19, 6, 9, 12, 9, 7, 16
---------------------------------------------
Camino: 1, 2, 4, 8, 16
Costo: 31
